1
1
4
0
(90 0
((0,0,0) (6,6,7) (0,0,0))
((14,0,0) (20,6,7) (0,0,0))
((7,0,0) (13,6,7) (0,0,0))
((0,14,0) (6,20,7) (0,0,0))
((0,7,0) (6,13,7) (0,0,0))
((14,14,0) (20,20,7) (0,0,0))
((14,7,0) (20,13,7) (0,0,0))
((7,14,0) (13,20,7) (0,0,0))
((7,7,0) (13,13,7) (0,0,0))
((0,0,72) (6,6,79) (0,0,0))
((0,0,64) (6,6,71) (0,0,0))
((0,0,56) (6,6,63) (0,0,0))
((0,0,48) (6,6,55) (0,0,0))
((0,0,40) (6,6,47) (0,0,0))
((0,0,32) (6,6,39) (0,0,0))
((0,0,24) (6,6,31) (0,0,0))
((0,0,16) (6,6,23) (0,0,0))
((0,0,8) (6,6,15) (0,0,0))
((14,0,72) (20,6,79) (0,0,0))
((14,0,64) (20,6,71) (0,0,0))
((14,0,56) (20,6,63) (0,0,0))
((14,0,48) (20,6,55) (0,0,0))
((14,0,40) (20,6,47) (0,0,0))
((14,0,32) (20,6,39) (0,0,0))
((14,0,24) (20,6,31) (0,0,0))
((14,0,16) (20,6,23) (0,0,0))
((14,0,8) (20,6,15) (0,0,0))
((7,0,72) (13,6,79) (0,0,0))
((7,0,64) (13,6,71) (0,0,0))
((7,0,56) (13,6,63) (0,0,0))
((7,0,48) (13,6,55) (0,0,0))
((7,0,40) (13,6,47) (0,0,0))
((7,0,32) (13,6,39) (0,0,0))
((7,0,24) (13,6,31) (0,0,0))
((7,0,16) (13,6,23) (0,0,0))
((7,0,8) (13,6,15) (0,0,0))
((0,14,72) (6,20,79) (0,0,0))
((0,14,64) (6,20,71) (0,0,0))
((0,14,56) (6,20,63) (0,0,0))
((0,14,48) (6,20,55) (0,0,0))
((0,14,40) (6,20,47) (0,0,0))
((0,14,32) (6,20,39) (0,0,0))
((0,14,24) (6,20,31) (0,0,0))
((0,14,16) (6,20,23) (0,0,0))
((0,14,8) (6,20,15) (0,0,0))
((0,7,72) (6,13,79) (0,0,0))
((0,7,64) (6,13,71) (0,0,0))
((0,7,56) (6,13,63) (0,0,0))
((0,7,48) (6,13,55) (0,0,0))
((0,7,40) (6,13,47) (0,0,0))
((0,7,32) (6,13,39) (0,0,0))
((0,7,24) (6,13,31) (0,0,0))
((0,7,16) (6,13,23) (0,0,0))
((0,7,8) (6,13,15) (0,0,0))
((14,14,72) (20,20,79) (0,0,0))
((14,14,64) (20,20,71) (0,0,0))
((14,14,56) (20,20,63) (0,0,0))
((14,14,48) (20,20,55) (0,0,0))
((14,14,40) (20,20,47) (0,0,0))
((14,14,32) (20,20,39) (0,0,0))
((14,14,24) (20,20,31) (0,0,0))
((14,14,16) (20,20,23) (0,0,0))
((14,14,8) (20,20,15) (0,0,0))
((14,7,72) (20,13,79) (0,0,0))
((14,7,64) (20,13,71) (0,0,0))
((14,7,56) (20,13,63) (0,0,0))
((14,7,48) (20,13,55) (0,0,0))
((14,7,40) (20,13,47) (0,0,0))
((14,7,32) (20,13,39) (0,0,0))
((14,7,24) (20,13,31) (0,0,0))
((14,7,16) (20,13,23) (0,0,0))
((14,7,8) (20,13,15) (0,0,0))
((7,14,72) (13,20,79) (0,0,0))
((7,14,64) (13,20,71) (0,0,0))
((7,14,56) (13,20,63) (0,0,0))
((7,14,48) (13,20,55) (0,0,0))
((7,14,40) (13,20,47) (0,0,0))
((7,14,32) (13,20,39) (0,0,0))
((7,14,24) (13,20,31) (0,0,0))
((7,14,16) (13,20,23) (0,0,0))
((7,14,8) (13,20,15) (0,0,0))
((7,7,72) (13,13,79) (0,0,0))
((7,7,64) (13,13,71) (0,0,0))
((7,7,56) (13,13,63) (0,0,0))
((7,7,48) (13,13,55) (0,0,0))
((7,7,40) (13,13,47) (0,0,0))
((7,7,32) (13,13,39) (0,0,0))
((7,7,24) (13,13,31) (0,0,0))
((7,7,16) (13,13,23) (0,0,0))
((7,7,8) (13,13,15) (0,0,0))
)
90
FabOnDisk: Cell_D_00002 0
FabOnDisk: Cell_D_00002 12630
FabOnDisk: Cell_D_00002 25262
FabOnDisk: Cell_D_00002 37893
FabOnDisk: Cell_D_00002 50525
FabOnDisk: Cell_D_00002 63156
FabOnDisk: Cell_D_00002 75790
FabOnDisk: Cell_D_00002 88423
FabOnDisk: Cell_D_00002 101056
FabOnDisk: Cell_D_00001 0
FabOnDisk: Cell_D_00001 12632
FabOnDisk: Cell_D_00003 0
FabOnDisk: Cell_D_00003 12632
FabOnDisk: Cell_D_00003 25264
FabOnDisk: Cell_D_00000 0
FabOnDisk: Cell_D_00000 12632
FabOnDisk: Cell_D_00002 113688
FabOnDisk: Cell_D_00002 126320
FabOnDisk: Cell_D_00001 25264
FabOnDisk: Cell_D_00001 37898
FabOnDisk: Cell_D_00001 50532
FabOnDisk: Cell_D_00003 37896
FabOnDisk: Cell_D_00003 50530
FabOnDisk: Cell_D_00000 25264
FabOnDisk: Cell_D_00000 37898
FabOnDisk: Cell_D_00000 50532
FabOnDisk: Cell_D_00002 138951
FabOnDisk: Cell_D_00001 63166
FabOnDisk: Cell_D_00001 75799
FabOnDisk: Cell_D_00003 63164
FabOnDisk: Cell_D_00003 75797
FabOnDisk: Cell_D_00003 88430
FabOnDisk: Cell_D_00000 63166
FabOnDisk: Cell_D_00000 75799
FabOnDisk: Cell_D_00002 151584
FabOnDisk: Cell_D_00002 164217
FabOnDisk: Cell_D_00001 88432
FabOnDisk: Cell_D_00001 101066
FabOnDisk: Cell_D_00001 113700
FabOnDisk: Cell_D_00003 101063
FabOnDisk: Cell_D_00003 113697
FabOnDisk: Cell_D_00000 88432
FabOnDisk: Cell_D_00000 101066
FabOnDisk: Cell_D_00000 113700
FabOnDisk: Cell_D_00002 176849
FabOnDisk: Cell_D_00001 126334
FabOnDisk: Cell_D_00001 138967
FabOnDisk: Cell_D_00003 126331
FabOnDisk: Cell_D_00003 138964
FabOnDisk: Cell_D_00003 151597
FabOnDisk: Cell_D_00000 126334
FabOnDisk: Cell_D_00000 138967
FabOnDisk: Cell_D_00002 189482
FabOnDisk: Cell_D_00002 202115
FabOnDisk: Cell_D_00001 151600
FabOnDisk: Cell_D_00001 164236
FabOnDisk: Cell_D_00001 176872
FabOnDisk: Cell_D_00003 164230
FabOnDisk: Cell_D_00003 176866
FabOnDisk: Cell_D_00000 151600
FabOnDisk: Cell_D_00000 164236
FabOnDisk: Cell_D_00000 176872
FabOnDisk: Cell_D_00002 214747
FabOnDisk: Cell_D_00001 189508
FabOnDisk: Cell_D_00001 202143
FabOnDisk: Cell_D_00001 214778
FabOnDisk: Cell_D_00003 189502
FabOnDisk: Cell_D_00003 202137
FabOnDisk: Cell_D_00000 189508
FabOnDisk: Cell_D_00000 202143
FabOnDisk: Cell_D_00000 214778
FabOnDisk: Cell_D_00002 227382
FabOnDisk: Cell_D_00001 227413
FabOnDisk: Cell_D_00001 240048
FabOnDisk: Cell_D_00001 252683
FabOnDisk: Cell_D_00003 214772
FabOnDisk: Cell_D_00003 227407
FabOnDisk: Cell_D_00000 227413
FabOnDisk: Cell_D_00000 240048
FabOnDisk: Cell_D_00000 252683
FabOnDisk: Cell_D_00002 240016
FabOnDisk: Cell_D_00001 265318
FabOnDisk: Cell_D_00001 277952
FabOnDisk: Cell_D_00003 240042
FabOnDisk: Cell_D_00003 252676
FabOnDisk: Cell_D_00003 265310
FabOnDisk: Cell_D_00000 265318
FabOnDisk: Cell_D_00000 277952
FabOnDisk: Cell_D_00002 252650
FabOnDisk: Cell_D_00002 265284

90,4
-1.1066653288122561e+00,-9.9608494253635549e-01,-1.1023881561296058e+00,-9.9498724189756194e-01,
-1.0419499796998801e+00,-9.9822157761864849e-01,-1.1348855138062124e+00,-9.9763699315575860e-01,
-1.1511666976912676e+00,-9.9565656003658853e-01,-1.1891182069573341e+00,-9.9525473502302053e-01,
-1.1047083945582847e+00,-9.9200165643411642e-01,-1.0587388857126410e+00,-9.9872965373740141e-01,
-1.1479342049808345e+00,-9.8664781352935915e-01,-1.1016313915506273e+00,-9.9275195678594019e-01,
-1.1687817326861745e+00,-9.8997703409930959e-01,-1.0650480866769332e+00,-9.8973932226845873e-01,
-1.1396164186246629e+00,-9.8428183943614689e-01,-1.1525807625489863e+00,-9.9164854237593647e-01,
-1.1463297417198959e+00,-9.9220255833371263e-01,-1.1442146075704762e+00,-9.9624432011795983e-01,
-1.1006074668569521e+00,-9.9687499291547021e-01,-1.0838553576254883e+00,-9.9108248162264156e-01,
-1.1031726121502783e+00,-9.9434867069520505e-01,-1.2162022126950955e+00,-9.9831901657899147e-01,
-1.1089311521815568e+00,-9.9587700133944568e-01,-1.0674022783200618e+00,-9.7109239773477751e-01,
-1.1035040104123706e+00,-9.9599865803143939e-01,-1.1393376742811669e+00,-9.9298052429451977e-01,
-1.0776958759012643e+00,-9.8430702558667016e-01,-1.1465249196368485e+00,-9.9073254854479564e-01,
-1.1750542805044271e+00,-9.9585791379735245e-01,-1.1283020981879255e+00,-9.9794810244501708e-01,
-1.1451221553700892e+00,-9.9218031443011589e-01,-1.0603476287735154e+00,-9.8751386997513557e-01,
-1.1191305787754318e+00,-9.8639243123085685e-01,-1.1373213893952006e+00,-9.9292110952359280e-01,
-1.1780646791126732e+00,-9.9592048552960921e-01,-1.0886201649782883e+00,-9.9240060920996442e-01,
-1.2058825110761637e+00,-9.9240653692647363e-01,-1.0765794144307110e+00,-9.9375666243131089e-01,
-1.1087103710366717e+00,-9.8868337037353415e-01,-1.1428071804680291e+00,-9.8847828523323000e-01,
-1.2074774958848085e+00,-9.9845805588256764e-01,-1.0890324725372800e+00,-9.8294471696628105e-01,
-1.1885418319059031e+00,-9.8724621838244664e-01,-1.0962140098128546e+00,-9.8774953828722323e-01,
-1.0916217862235853e+00,-9.9243159477528042e-01,-1.0923277358431691e+00,-9.9548197222106927e-01,
-1.0678032146137364e+00,-9.7533138125452246e-01,-1.0923043823534251e+00,-9.9458962670078099e-01,
-1.1520518896112073e+00,-9.7694310698786557e-01,-1.0922547797212836e+00,-9.9321237700535769e-01,
-1.0672383950006574e+00,-9.9468659918361346e-01,-1.2035963708689288e+00,-9.9578142826988547e-01,
-1.1294008190908704e+00,-9.9527550940091059e-01,-1.2241271471336654e+00,-9.8738886935586878e-01,
-1.0769336546435468e+00,-9.9809314506925340e-01,-1.2428686174001282e+00,-9.9494064935281856e-01,
-1.1077041791104181e+00,-9.8531204077454404e-01,-1.1863233540185172e+00,-9.9009483633185713e-01,
-1.0537926321961701e+00,-9.8162505805418021e-01,-1.0825050682825677e+00,-9.9830616992379151e-01,
-1.1552051974071722e+00,-9.9657216968430862e-01,-1.2314974235600731e+00,-9.8866035351106829e-01,
-1.0888927134584652e+00,-9.8380921288818945e-01,-1.1411393927729083e+00,-9.9517867543199423e-01,
-1.1496493619980781e+00,-9.9270498710983390e-01,-1.0994829054943753e+00,-9.9038481427187530e-01,
-1.0443360783154307e+00,-9.8396724712752626e-01,-1.2938494414519026e+00,-9.8828500828958099e-01,
-1.1004685880189264e+00,-9.9223602842240954e-01,-1.0944953812350369e+00,-9.9390311759012129e-01,
-1.1198115745756672e+00,-9.9137546351871153e-01,-1.0784406192701739e+00,-9.8897415016868062e-01,
-1.1572121798996255e+00,-9.9417731163840850e-01,-1.1127861452484840e+00,-9.9704007902983671e-01,
-1.0995426900575633e+00,-9.8858351045834991e-01,-1.1468473231972407e+00,-9.9547165500961399e-01,
-1.1707362460415147e+00,-9.9235023922247623e-01,-1.1086849318757250e+00,-9.8216454506800788e-01,
-1.0922500893405176e+00,-9.9250489701552846e-01,-1.0888000000963762e+00,-9.9569969517650947e-01,
-1.2127955234634051e+00,-9.7034715750780165e-01,-1.1771238519007852e+00,-9.8547868726131449e-01,
-1.1253145601116663e+00,-9.9117170368195262e-01,-1.1249922112477346e+00,-9.8609900155910457e-01,
-1.2144478672193566e+00,-9.9410902206370810e-01,-1.1596991940885308e+00,-9.8286971125008360e-01,
-1.0690613602152521e+00,-9.9610817571717847e-01,-1.0644555046504061e+00,-9.9486338216909875e-01,
-1.0787741938709203e+00,-9.8983435247241147e-01,-1.1280613819107923e+00,-9.9589646870068593e-01,
-1.1164552242037598e+00,-9.8244553420226510e-01,-1.1182101725594789e+00,-9.9108679602232275e-01,
-1.0901286151864580e+00,-9.9121526063965537e-01,-1.2031584025653757e+00,-9.9025852058368946e-01,
-1.0637928885688352e+00,-9.8445364553479842e-01,-1.1224556501235872e+00,-9.7907199213862994e-01,
-1.1079614932953536e+00,-9.9675115619475840e-01,-1.0792983411370536e+00,-9.8486958604714714e-01,
-1.1996126828775553e+00,-9.8869851127763564e-01,-1.1645282644464527e+00,-9.9469723724213044e-01,
-1.0627710066526008e+00,-9.9693114844431963e-01,-1.0903259509088050e+00,-9.8899528155751659e-01,
-1.2046243876783393e+00,-9.9350947096355346e-01,-1.1166405381856059e+00,-9.9009066428131209e-01,
-1.0751193585058749e+00,-9.9341741617926771e-01,-1.0588599120244870e+00,-9.9416396174921573e-01,
-1.1105239748692597e+00,-9.9050967296444381e-01,-1.1998552841693677e+00,-9.8772631519747356e-01,
-1.2408550088995149e+00,-9.9096491516960994e-01,-1.1355319393940411e+00,-9.8916319027785926e-01,
-1.1053273771931058e+00,-9.9351564413524363e-01,-1.1563951490543189e+00,-9.8642271154413574e-01,
-1.0799668350252756e+00,-9.9672373461512631e-01,-1.0828784287236013e+00,-9.8805725370963415e-01,
-1.2306121017377549e+00,-9.8204269214020001e-01,-1.0934131706396204e+00,-9.9752490470264532e-01,
-1.1520885334067481e+00,-9.8953650517551150e-01,-1.0578017693755242e+00,-9.9388532475717961e-01,
-1.0648020811256949e+00,-9.8812265859248771e-01,-1.1513844140915668e+00,-9.8532227894713831e-01,
-1.1010914016762148e+00,-9.9760105186187287e-01,-1.0964915755361844e+00,-9.9149953598607621e-01,
-1.1384213357769264e+00,-9.9212559668168188e-01,-1.1287840822426838e+00,-9.9250400837624708e-01,
-1.0700482110080729e+00,-9.8455656281209225e-01,-1.2235645702251461e+00,-9.9203307230572879e-01,
-1.1496154317103096e+00,-9.9408009494667193e-01,-1.1474920463567633e+00,-9.8681872348721289e-01,
-1.0612005829182176e+00,-9.9606846268159932e-01,-1.0702335223950865e+00,-9.8995872753751435e-01,
-1.0789521058928824e+00,-9.9316830728373051e-01,-1.0705157155771723e+00,-9.9683267247512553e-01,
-1.0611428819265374e+00,-9.9862749117360561e-01,-1.0366782185043468e+00,-9.7741093387426181e-01,
-1.2041038809946614e+00,-9.8958920331477884e-01,-1.0906200528441206e+00,-9.8498418317703995e-01,
-1.1256774921051680e+00,-9.9374596511097046e-01,-1.0809653151989611e+00,-9.8860286899999283e-01,
-1.0983236579481699e+00,-9.7870519187407190e-01,-1.1488448254626127e+00,-9.9242244343257235e-01,
-1.2001128917276178e+00,-9.9738989231037134e-01,-1.1598333611676266e+00,-9.9808027040172209e-01,
-1.0912162052123242e+00,-9.6124967329444866e-01,-1.1175042826610961e+00,-9.9466285649473185e-01,
-1.0429343480069841e+00,-9.8979230346667146e-01,-1.0993548701954630e+00,-9.9278750955985617e-01,
-1.1073985362537468e+00,-9.8590307248025699e-01,-1.0284418411970027e+00,-9.8845509070980797e-01,
-1.2078763565038833e+00,-9.8889299424933153e-01,-1.0759649974936873e+00,-9.9460444041509155e-01,
-1.1198107986549495e+00,-9.9600186226615184e-01,-1.2103864760073826e+00,-9.7804928438485783e-01,
-1.1306343515797601e+00,-9.8134751168833201e-01,-1.0537547087797678e+00,-9.9119545594482417e-01,
-1.1671838128384164e+00,-9.9301455442255193e-01,-1.0712853245094842e+00,-9.9790818934594128e-01,
-1.1764064814920860e+00,-9.9390235294378793e-01,-1.1058179601234590e+00,-9.8796815113801839e-01,
-1.1639245856297558e+00,-9.9538038793781924e-01,-1.0845613287055342e+00,-9.9264717447225337e-01,
-1.0474135190286615e+00,-9.9706685833653763e-01,-1.1105994670101877e+00,-9.9045645233666657e-01,
-1.0554641504051716e+00,-9.8559817228569591e-01,-1.0937821545792121e+00,-9.7735655549575995e-01,
-1.0680338193759649e+00,-9.9521660401912271e-01,-1.1101094314629543e+00,-9.9069900776472897e-01,
-1.0748064270041751e+00,-9.9370934753934326e-01,-1.0497798385623955e+00,-9.9524631156745424e-01,
-1.1435196223725435e+00,-9.9349279482408870e-01,-1.0651399677338762e+00,-9.9520168826844069e-01,
-1.1564710399889353e+00,-9.9510839677159746e-01,-1.1366797309837691e+00,-9.7285807035673511e-01,
-1.1211611398780001e+00,-9.9013617990866909e-01,-1.0809716886470320e+00,-9.8882354749680879e-01,
-1.0710226771308897e+00,-9.8849390513344093e-01,-1.1157878650477675e+00,-9.9460336188899445e-01,
-1.1449400043615559e+00,-9.9463291809457177e-01,-1.1754661189093283e+00,-9.8608644533361955e-01,
-1.0806171654302674e+00,-9.9474700546415318e-01,-1.1346661410234125e+00,-9.9004250458499765e-01,
-1.1570470490220071e+00,-9.8387481890739359e-01,-1.0027198414345215e+00,-9.9425788371026103e-01,

90,4
1.1449098319323017e+00,9.9259573280891511e-01,1.1828804105277873e+00,9.8391810567297133e-01,
1.1228911850398524e+00,9.9808378268310705e-01,1.1010000242277533e+00,9.9107261124161039e-01,
1.0806398145690921e+00,9.8562945090569531e-01,1.0922485340320769e+00,9.9606188370594950e-01,
1.1082945527710486e+00,9.8041100487579180e-01,1.0805770724380412e+00,9.9769307908914051e-01,
1.1322691286004996e+00,9.9276906472916404e-01,1.0800370860424686e+00,9.9760608184254129e-01,
1.1403311184605380e+00,9.9323281588038748e-01,1.1081224486216554e+00,9.9453203990212091e-01,
1.1159895457441316e+00,9.9551873869232665e-01,1.1327105402357407e+00,9.9143751670840397e-01,
1.1121245473460799e+00,9.9775669636344677e-01,1.1412779118023935e+00,9.9337609103583557e-01,
1.0518204828919719e+00,9.9358147901382776e-01,1.1573424919989188e+00,9.6033018956685468e-01,
1.0696616052758843e+00,9.8537614415954822e-01,1.1782282765155700e+00,9.8554278586979205e-01,
1.0559622657323173e+00,9.8321019849855351e-01,1.0320269238433313e+00,9.9566456909147283e-01,
1.0869979875160041e+00,9.9805524423086900e-01,1.1144957362939383e+00,9.9570361319077061e-01,
1.0840156581934126e+00,9.9878826994454883e-01,1.0595706806845571e+00,9.9486150755207092e-01,
1.0759438065130593e+00,9.9086994353506808e-01,1.2357513355188250e+00,9.9084411352502122e-01,
1.0975078538274268e+00,9.8103920497250963e-01,1.1370903379790744e+00,9.8240466792889647e-01,
1.0742848186032992e+00,9.9262710233650098e-01,1.1938411152915314e+00,9.8923285709114639e-01,
1.0656342590662995e+00,9.9640322561501282e-01,1.0257310502528647e+00,9.8772463904777874e-01,
1.0344069413031849e+00,9.6618306810942811e-01,1.0793753979076808e+00,9.7766832262645476e-01,
1.0928346995407445e+00,1.0000795836127885e+00,1.0682063630501346e+00,9.9562835616094547e-01,
1.1364247100117093e+00,9.9208402448761934e-01,1.0835468462583788e+00,9.8376049661306619e-01,
1.0885856100624753e+00,9.8479108589421505e-01,1.0673776777686299e+00,9.9600669493579352e-01,
1.0753899147565660e+00,9.9470821671273169e-01,1.1307488962602994e+00,9.9004703951652862e-01,
1.0529291092804813e+00,9.9272053409179795e-01,1.1131467076788033e+00,9.9700961072192174e-01,
1.0866771802069666e+00,9.9378398041918781e-01,1.1033066974123216e+00,9.9254555472588113e-01,
1.0607725491342672e+00,9.9706594280872418e-01,1.0992463594919246e+00,9.9664062338247961e-01,
1.2204943366263672e+00,9.9550777460391060e-01,1.1176179359958596e+00,9.9615607981716459e-01,
1.0897709138420317e+00,9.9211105308164460e-01,1.0957759393944801e+00,9.9427420151591350e-01,
1.1087483395879354e+00,9.8564935192858483e-01,1.1098728632032244e+00,9.9136560799168472e-01,
1.2003486073049066e+00,9.8294820701614782e-01,1.1213352854245371e+00,9.8804842519011105e-01,
1.1504850245125111e+00,9.9601125376211119e-01,1.1703009691140658e+00,9.6833174636703012e-01,
1.0358884339781802e+00,9.9429760636235065e-01,1.0654509014593567e+00,9.9563938730813561e-01,
1.1741380777548041e+00,9.9102588056971974e-01,1.1145950015098256e+00,9.6808349281637307e-01,
1.1443320372709715e+00,9.9525876799788204e-01,1.1282041684365813e+00,9.8278070616385027e-01,
1.2171277197622257e+00,9.9202802427718240e-01,1.3040166142952863e+00,9.8510332791714239e-01,
1.1565845811057336e+00,9.9570888609763664e-01,1.0799241078772821e+00,9.7028925617897011e-01,
1.1402818448902221e+00,9.8804219524823733e-01,1.1288754437943334e+00,9.9445909453227310e-01,
1.1242407814834388e+00,9.9711334609452984e-01,1.1319875839613880e+00,9.8898777215386668e-01,
1.1543009004639186e+00,9.9333670393177065e-01,1.1862722367467613e+00,9.9139069929736257e-01,
1.0887709350445629e+00,9.9212492991187540e-01,1.1675288109719497e+00,9.8738285003217263e-01,
1.0714230843703805e+00,9.9231755748923001e-01,1.1943011453027121e+00,9.9241437457820614e-01,
1.2580915104207242e+00,9.9040684331881745e-01,1.0899312860851711e+00,9.9299556185691751e-01,
1.0987751484114205e+00,9.9262324798765611e-01,1.1585872426148580e+00,9.9374781274667379e-01,
1.1836694684121707e+00,9.8765676651822654e-01,1.0871238822948981e+00,9.8491130536007476e-01,
1.1156881573762878e+00,9.8620324096277467e-01,1.1409332382657678e+00,9.8880034257741267e-01,
1.1601533873221475e+00,9.9181805346351082e-01,1.1096081371228728e+00,9.9167461807310908e-01,
1.1211348282851452e+00,9.9112847914585411e-01,1.1814468114617875e+00,9.9734566818676218e-01,
1.0812088576904635e+00,9.9016905964627289e-01,1.0423927774607524e+00,9.9457160580285220e-01,
1.1144018154707993e+00,9.8306505466836147e-01,1.1319649793497160e+00,9.9499557230091318e-01,
1.0806599277713829e+00,9.9610883140043571e-01,1.1847991266665279e+00,9.9536505429507260e-01,
1.0438160669004815e+00,9.9552785227909812e-01,1.1203175697229755e+00,9.8721733824861702e-01,
1.1035223231717382e+00,9.8841144512151113e-01,1.0885419188677710e+00,9.9295200679737050e-01,
1.1351607772082601e+00,9.8680089652971736e-01,1.0999504472179686e+00,9.9357222803601863e-01,
1.1598756130766845e+00,9.9559905295914375e-01,1.0490728273327146e+00,9.9159545206021071e-01,
1.1007339311314603e+00,9.9281312069175154e-01,1.1626180384985132e+00,9.9615651107901859e-01,
1.1077490008426558e+00,9.9532024678520514e-01,1.0572750187605164e+00,9.9111095538530847e-01,
1.0629237577628194e+00,9.9308682584896379e-01,1.0645362989839420e+00,9.9514628215295720e-01,
1.0608337391168421e+00,9.8895268835951400e-01,1.1366300681117583e+00,9.9678092985323963e-01,
1.2019799169333643e+00,9.9177374802709550e-01,1.1088966337305144e+00,9.9721932996329610e-01,
1.1006930195882185e+00,9.9548770021587252e-01,1.1124574166860524e+00,9.9786330978195104e-01,
1.2123811574281846e+00,9.9319956065144865e-01,1.0949182157219102e+00,9.9506567265754697e-01,
1.0974940798695780e+00,9.8711913821510644e-01,1.0633074240619633e+00,9.9348835214810161e-01,
1.0966492468892732e+00,9.9259957213714634e-01,1.2054766599820503e+00,9.9567234990429998e-01,
1.1098386765100992e+00,9.9253291900673646e-01,1.0677719246906967e+00,9.8252228018256516e-01,
1.0571378683909003e+00,9.9388034981653040e-01,1.2262431337173019e+00,9.9037683310544911e-01,
1.2128672202516932e+00,9.9164857073064960e-01,1.0656094552862938e+00,9.8883882824186653e-01,
1.0608702183796119e+00,9.9140158420266800e-01,1.0734936848319909e+00,9.8965575426052954e-01,
1.1998565970645647e+00,9.9735349067671797e-01,1.0897526046644128e+00,9.9267176780902922e-01,
1.2290144129007061e+00,9.9431096043100931e-01,1.1676206236680464e+00,9.9397407276077721e-01,
1.1499270272654920e+00,9.8851412551506135e-01,1.1361232835088377e+00,9.9541181876382390e-01,
1.0753925545904151e+00,9.9534343778734236e-01,1.0593011642859893e+00,9.9730234762054248e-01,
1.1833023145410593e+00,9.8853098114721205e-01,1.1966936163186821e+00,9.9415505156873019e-01,
1.0716654888977004e+00,9.9571124947338518e-01,1.1803952706835299e+00,9.9217151345575660e-01,
1.1290155254953627e+00,9.8941077897264107e-01,1.0666388621228646e+00,9.9399828606145602e-01,
1.0725324823333173e+00,9.9325972985445266e-01,1.1594923189426269e+00,9.9527469588722872e-01,
1.1460264164039113e+00,9.8539874689512352e-01,1.1672037726684446e+00,9.9286535696109945e-01,
1.0244396578658437e+00,9.8726508105892430e-01,1.0817940472038701e+00,9.8147408127976077e-01,
1.1880860124243240e+00,9.8990790223143132e-01,1.0898670839918889e+00,9.9449707910311191e-01,
1.0452819063691046e+00,9.9192192995351736e-01,1.1283358533582786e+00,9.8842162689032109e-01,
1.1665591528126080e+00,9.9286436145666335e-01,1.1125705307965166e+00,9.9654283762658391e-01,
1.1150033312473564e+00,9.8720255102391796e-01,1.1234474231118958e+00,9.9224090656715291e-01,
1.1484959429067290e+00,9.9701959933997686e-01,1.1113246068804150e+00,9.9642889914624966e-01,
1.2191817238502707e+00,9.8478477683020649e-01,1.1207903650480493e+00,9.8846657185333187e-01,
1.0807720051436316e+00,9.9371992328046077e-01,1.1324293815623172e+00,9.9032387744857386e-01,
1.1346095658873911e+00,9.9594971460298576e-01,1.1283814348867529e+00,9.9272651469540607e-01,
1.0740145277451114e+00,9.9462505984643745e-01,1.1198235027306844e+00,9.8510132625820379e-01,
1.1222985325984647e+00,9.9546249683544397e-01,1.0603311812123370e+00,9.9197208994854558e-01,
1.0932998830958223e+00,9.9810607002834495e-01,1.1081858857176459e+00,9.8440751872307330e-01,
1.0920496886182938e+00,9.8745298825722383e-01,1.0967349375460789e+00,9.9917202457348453e-01,
1.2343550830905428e+00,9.9446070184678803e-01,1.0693929687874448e+00,9.8495105042046172e-01,
1.0610319156401289e+00,9.9221657104360994e-01,1.1087864856075016e+00,9.9065630001952154e-01,

