1
1
4
0
(90 0
((0,0,0) (6,6,7) (0,0,0))
((14,0,0) (20,6,7) (0,0,0))
((7,0,0) (13,6,7) (0,0,0))
((0,14,0) (6,20,7) (0,0,0))
((0,7,0) (6,13,7) (0,0,0))
((14,14,0) (20,20,7) (0,0,0))
((14,7,0) (20,13,7) (0,0,0))
((7,14,0) (13,20,7) (0,0,0))
((7,7,0) (13,13,7) (0,0,0))
((0,0,72) (6,6,79) (0,0,0))
((0,0,64) (6,6,71) (0,0,0))
((0,0,56) (6,6,63) (0,0,0))
((0,0,48) (6,6,55) (0,0,0))
((0,0,40) (6,6,47) (0,0,0))
((0,0,32) (6,6,39) (0,0,0))
((0,0,24) (6,6,31) (0,0,0))
((0,0,16) (6,6,23) (0,0,0))
((0,0,8) (6,6,15) (0,0,0))
((14,0,72) (20,6,79) (0,0,0))
((14,0,64) (20,6,71) (0,0,0))
((14,0,56) (20,6,63) (0,0,0))
((14,0,48) (20,6,55) (0,0,0))
((14,0,40) (20,6,47) (0,0,0))
((14,0,32) (20,6,39) (0,0,0))
((14,0,24) (20,6,31) (0,0,0))
((14,0,16) (20,6,23) (0,0,0))
((14,0,8) (20,6,15) (0,0,0))
((7,0,72) (13,6,79) (0,0,0))
((7,0,64) (13,6,71) (0,0,0))
((7,0,56) (13,6,63) (0,0,0))
((7,0,48) (13,6,55) (0,0,0))
((7,0,40) (13,6,47) (0,0,0))
((7,0,32) (13,6,39) (0,0,0))
((7,0,24) (13,6,31) (0,0,0))
((7,0,16) (13,6,23) (0,0,0))
((7,0,8) (13,6,15) (0,0,0))
((0,14,72) (6,20,79) (0,0,0))
((0,14,64) (6,20,71) (0,0,0))
((0,14,56) (6,20,63) (0,0,0))
((0,14,48) (6,20,55) (0,0,0))
((0,14,40) (6,20,47) (0,0,0))
((0,14,32) (6,20,39) (0,0,0))
((0,14,24) (6,20,31) (0,0,0))
((0,14,16) (6,20,23) (0,0,0))
((0,14,8) (6,20,15) (0,0,0))
((0,7,72) (6,13,79) (0,0,0))
((0,7,64) (6,13,71) (0,0,0))
((0,7,56) (6,13,63) (0,0,0))
((0,7,48) (6,13,55) (0,0,0))
((0,7,40) (6,13,47) (0,0,0))
((0,7,32) (6,13,39) (0,0,0))
((0,7,24) (6,13,31) (0,0,0))
((0,7,16) (6,13,23) (0,0,0))
((0,7,8) (6,13,15) (0,0,0))
((14,14,72) (20,20,79) (0,0,0))
((14,14,64) (20,20,71) (0,0,0))
((14,14,56) (20,20,63) (0,0,0))
((14,14,48) (20,20,55) (0,0,0))
((14,14,40) (20,20,47) (0,0,0))
((14,14,32) (20,20,39) (0,0,0))
((14,14,24) (20,20,31) (0,0,0))
((14,14,16) (20,20,23) (0,0,0))
((14,14,8) (20,20,15) (0,0,0))
((14,7,72) (20,13,79) (0,0,0))
((14,7,64) (20,13,71) (0,0,0))
((14,7,56) (20,13,63) (0,0,0))
((14,7,48) (20,13,55) (0,0,0))
((14,7,40) (20,13,47) (0,0,0))
((14,7,32) (20,13,39) (0,0,0))
((14,7,24) (20,13,31) (0,0,0))
((14,7,16) (20,13,23) (0,0,0))
((14,7,8) (20,13,15) (0,0,0))
((7,14,72) (13,20,79) (0,0,0))
((7,14,64) (13,20,71) (0,0,0))
((7,14,56) (13,20,63) (0,0,0))
((7,14,48) (13,20,55) (0,0,0))
((7,14,40) (13,20,47) (0,0,0))
((7,14,32) (13,20,39) (0,0,0))
((7,14,24) (13,20,31) (0,0,0))
((7,14,16) (13,20,23) (0,0,0))
((7,14,8) (13,20,15) (0,0,0))
((7,7,72) (13,13,79) (0,0,0))
((7,7,64) (13,13,71) (0,0,0))
((7,7,56) (13,13,63) (0,0,0))
((7,7,48) (13,13,55) (0,0,0))
((7,7,40) (13,13,47) (0,0,0))
((7,7,32) (13,13,39) (0,0,0))
((7,7,24) (13,13,31) (0,0,0))
((7,7,16) (13,13,23) (0,0,0))
((7,7,8) (13,13,15) (0,0,0))
)
90
FabOnDisk: Cell_D_00002 0
FabOnDisk: Cell_D_00002 12630
FabOnDisk: Cell_D_00002 25262
FabOnDisk: Cell_D_00002 37893
FabOnDisk: Cell_D_00002 50525
FabOnDisk: Cell_D_00002 63156
FabOnDisk: Cell_D_00002 75790
FabOnDisk: Cell_D_00002 88423
FabOnDisk: Cell_D_00002 101056
FabOnDisk: Cell_D_00001 0
FabOnDisk: Cell_D_00001 12632
FabOnDisk: Cell_D_00003 0
FabOnDisk: Cell_D_00003 12632
FabOnDisk: Cell_D_00003 25264
FabOnDisk: Cell_D_00000 0
FabOnDisk: Cell_D_00000 12632
FabOnDisk: Cell_D_00002 113688
FabOnDisk: Cell_D_00002 126320
FabOnDisk: Cell_D_00001 25264
FabOnDisk: Cell_D_00001 37898
FabOnDisk: Cell_D_00001 50532
FabOnDisk: Cell_D_00003 37896
FabOnDisk: Cell_D_00003 50530
FabOnDisk: Cell_D_00000 25264
FabOnDisk: Cell_D_00000 37898
FabOnDisk: Cell_D_00000 50532
FabOnDisk: Cell_D_00002 138951
FabOnDisk: Cell_D_00001 63166
FabOnDisk: Cell_D_00001 75799
FabOnDisk: Cell_D_00003 63164
FabOnDisk: Cell_D_00003 75797
FabOnDisk: Cell_D_00003 88430
FabOnDisk: Cell_D_00000 63166
FabOnDisk: Cell_D_00000 75799
FabOnDisk: Cell_D_00002 151584
FabOnDisk: Cell_D_00002 164217
FabOnDisk: Cell_D_00001 88432
FabOnDisk: Cell_D_00001 101066
FabOnDisk: Cell_D_00001 113700
FabOnDisk: Cell_D_00003 101063
FabOnDisk: Cell_D_00003 113697
FabOnDisk: Cell_D_00000 88432
FabOnDisk: Cell_D_00000 101066
FabOnDisk: Cell_D_00000 113700
FabOnDisk: Cell_D_00002 176849
FabOnDisk: Cell_D_00001 126334
FabOnDisk: Cell_D_00001 138967
FabOnDisk: Cell_D_00003 126331
FabOnDisk: Cell_D_00003 138964
FabOnDisk: Cell_D_00003 151597
FabOnDisk: Cell_D_00000 126334
FabOnDisk: Cell_D_00000 138967
FabOnDisk: Cell_D_00002 189482
FabOnDisk: Cell_D_00002 202115
FabOnDisk: Cell_D_00001 151600
FabOnDisk: Cell_D_00001 164236
FabOnDisk: Cell_D_00001 176872
FabOnDisk: Cell_D_00003 164230
FabOnDisk: Cell_D_00003 176866
FabOnDisk: Cell_D_00000 151600
FabOnDisk: Cell_D_00000 164236
FabOnDisk: Cell_D_00000 176872
FabOnDisk: Cell_D_00002 214747
FabOnDisk: Cell_D_00001 189508
FabOnDisk: Cell_D_00001 202143
FabOnDisk: Cell_D_00001 214778
FabOnDisk: Cell_D_00003 189502
FabOnDisk: Cell_D_00003 202137
FabOnDisk: Cell_D_00000 189508
FabOnDisk: Cell_D_00000 202143
FabOnDisk: Cell_D_00000 214778
FabOnDisk: Cell_D_00002 227382
FabOnDisk: Cell_D_00001 227413
FabOnDisk: Cell_D_00001 240048
FabOnDisk: Cell_D_00001 252683
FabOnDisk: Cell_D_00003 214772
FabOnDisk: Cell_D_00003 227407
FabOnDisk: Cell_D_00000 227413
FabOnDisk: Cell_D_00000 240048
FabOnDisk: Cell_D_00000 252683
FabOnDisk: Cell_D_00002 240016
FabOnDisk: Cell_D_00001 265318
FabOnDisk: Cell_D_00001 277952
FabOnDisk: Cell_D_00003 240042
FabOnDisk: Cell_D_00003 252676
FabOnDisk: Cell_D_00003 265310
FabOnDisk: Cell_D_00000 265318
FabOnDisk: Cell_D_00000 277952
FabOnDisk: Cell_D_00002 252650
FabOnDisk: Cell_D_00002 265284

90,4
-1.0636966444803007e+00,-9.9677205414442649e-01,-1.0854237445952681e+00,-9.9508266509509802e-01,
-1.0506790670201755e+00,-9.9811893736554191e-01,-1.1055512832214551e+00,-9.9809145327960669e-01,
-1.1381313255263359e+00,-9.9616509541074083e-01,-1.1141122010442313e+00,-9.9589182989658964e-01,
-1.1221194612038137e+00,-9.9316804497756617e-01,-1.0937579838262439e+00,-9.9901376321710833e-01,
-1.0858113918321393e+00,-9.8811742978794026e-01,-1.0868817406933799e+00,-9.9402597625144729e-01,
-1.1452881887598838e+00,-9.9037960281855686e-01,-1.0874423969783178e+00,-9.9046628192612751e-01,
-1.0741669434259022e+00,-9.8545028852004113e-01,-1.1188517387347572e+00,-9.9299947817582923e-01,
-1.0510377991648279e+00,-9.9360405974836974e-01,-1.1283560239497883e+00,-9.9713215197698934e-01,
-1.0726115617162695e+00,-9.9737544761608798e-01,-1.0783943279666419e+00,-9.9127116424527073e-01,
-1.0638539228956601e+00,-9.9501278571862506e-01,-1.0881634020896445e+00,-9.9853805364857107e-01,
-1.0845549433532076e+00,-9.9667415114481328e-01,-1.1020349713214008e+00,-9.7182454053904022e-01,
-1.1258436295883303e+00,-9.9630784908459291e-01,-1.1339627568642729e+00,-9.9425220906957790e-01,
-1.0773794677975812e+00,-9.8584906111247139e-01,-1.1429793841421192e+00,-9.9214837204094020e-01,
-1.0842857973363842e+00,-9.9668348019320152e-01,-1.1351404662410525e+00,-9.9761884356369557e-01,
-1.1930919358869396e+00,-9.9361534993980816e-01,-1.0679937039217358e+00,-9.8908102094555195e-01,
-1.1155350794176009e+00,-9.8803808209062016e-01,-1.0921882199039388e+00,-9.9344655284912997e-01,
-1.1422379984407949e+00,-9.9647773228895398e-01,-1.0360092791327302e+00,-9.9303921014166374e-01,
-1.1915257319439316e+00,-9.9331165817596545e-01,-1.0616390173069710e+00,-9.9481486313235123e-01,
-1.0886979725297026e+00,-9.8953022289407855e-01,-1.1181440556089084e+00,-9.9018350473530292e-01,
-1.1174074765414876e+00,-9.9878105222591607e-01,-1.0616198345791448e+00,-9.8349490757257507e-01,
-1.1674840128402755e+00,-9.8889076999539338e-01,-1.1524635388248692e+00,-9.8920890399009498e-01,
-1.0838529624428566e+00,-9.9279603710808983e-01,-1.0595296806233585e+00,-9.9658035109798759e-01,
-1.0491488262797912e+00,-9.7709706359784054e-01,-1.1336321717637359e+00,-9.9562029152144904e-01,
-1.0921547923201642e+00,-9.7856696052973857e-01,-1.0678681929267342e+00,-9.9444890139965325e-01,
-1.0736095528621459e+00,-9.9585253819793751e-01,-1.1658777073892495e+00,-9.9613284475021735e-01,
-1.1104027132334318e+00,-9.9567796829993704e-01,-1.1243915422013615e+00,-9.8893537351611394e-01,
-1.0620347772271690e+00,-9.9836940716924361e-01,-1.1190840926482615e+00,-9.9619403697201236e-01,
-1.0662434935148803e+00,-9.8597052649505601e-01,-1.2046603584195903e+00,-9.9107442715187133e-01,
-1.1028759246744619e+00,-9.8265995123244054e-01,-1.1040358087869508e+00,-9.9861304904872106e-01,
-1.1021311477845586e+00,-9.9688304773500025e-01,-1.1403335684180043e+00,-9.8982561859908480e-01,
-1.0392100373706077e+00,-9.8450105696728696e-01,-1.0915437060323325e+00,-9.9585656804897849e-01,
-1.0840236517293940e+00,-9.9393884520905917e-01,-1.0603429645650997e+00,-9.9146893164167293e-01,
-1.0932136068774387e+00,-9.8503032426930204e-01,-1.2569579715545927e+00,-9.9012067048722618e-01,
-1.0994296009444333e+00,-9.9342784753252178e-01,-1.1145419642872059e+00,-9.9509382588697870e-01,
-1.1060109882332150e+00,-9.9202619908745970e-01,-1.0445008880567586e+00,-9.8912887880395439e-01,
-1.1048254463939999e+00,-9.9497671183499381e-01,-1.0651316630409020e+00,-9.9705767622379937e-01,
-1.1226021584663868e+00,-9.8958549574407628e-01,-1.1224439999798477e+00,-9.9602517062793283e-01,
-1.1483888802168201e+00,-9.9429854475164225e-01,-1.1505661404951861e+00,-9.8269671630850108e-01,
-1.0665031270621141e+00,-9.9280937641163736e-01,-1.0772702784340860e+00,-9.9646630856919471e-01,
-1.1794910497656979e+00,-9.7090014108308842e-01,-1.1274400623052778e+00,-9.8700870233617688e-01,
-1.1408521412003045e+00,-9.9224443247386185e-01,-1.0749342920324461e+00,-9.8716631855817194e-01,
-1.1358818080675794e+00,-9.9480299251290449e-01,-1.1189971484340289e+00,-9.8449855252388818e-01,
-1.0317318170317111e+00,-9.9652338331845713e-01,-1.0542465746560976e+00,-9.9585791994611161e-01,
-1.0800355298831164e+00,-9.9062234086628742e-01,-1.1355138149381694e+00,-9.9676814277015169e-01,
-1.0724724184352650e+00,-9.8442123302460760e-01,-1.0741478761951990e+00,-9.9115152679381169e-01,
-1.0853353787431215e+00,-9.9209287231110321e-01,-1.1295516326734176e+00,-9.9140470318546003e-01,
-1.0525689426967622e+00,-9.8624915812443481e-01,-1.0810306213246081e+00,-9.8025852127929924e-01,
-1.0981869582246579e+00,-9.9667562261106668e-01,-1.0590194462659805e+00,-9.8632921368812743e-01,
-1.2074101797781707e+00,-9.9046859783163987e-01,-1.1406095446313074e+00,-9.9543397733025485e-01,
-1.0795695802048946e+00,-9.9735315986193251e-01,-1.0594933322296158e+00,-9.8927252810057320e-01,
-1.1159753868891200e+00,-9.9440731444201425e-01,-1.0851200978371878e+00,-9.9188110237100424e-01,
-1.0533499060326545e+00,-9.9418731500393154e-01,-1.0752595357249086e+00,-9.9518496642970355e-01,
-1.0814797070870878e+00,-9.9226868667134838e-01,-1.1331368152336534e+00,-9.8813046859506959e-01,
-1.1611078152889689e+00,-9.9225019159872507e-01,-1.0920643225116595e+00,-9.9082862660828841e-01,
-1.1099656639621092e+00,-9.9447674216532056e-01,-1.1110905218272802e+00,-9.8707028313174183e-01,
-1.1173998466459241e+00,-9.9702483839258749e-01,-1.0978381051715400e+00,-9.8963182364769786e-01,
-1.1853033193284641e+00,-9.8340100416647891e-01,-1.1393484058869523e+00,-9.9779521042385311e-01,
-1.0928376089990957e+00,-9.8984580862948313e-01,-1.1007835751579664e+00,-9.9535534724174024e-01,
-1.0617726533435525e+00,-9.8935772749917283e-01,-1.1291097021188419e+00,-9.8675919535259304e-01,
-1.0982702035995593e+00,-9.9816533642382732e-01,-1.0762376112382055e+00,-9.9190750356690949e-01,
-1.1429363771325962e+00,-9.9398648854501637e-01,-1.0812473713338719e+00,-9.9414028356252171e-01,
-1.0624642393345853e+00,-9.8550766629145015e-01,-1.1641176978692420e+00,-9.9316975980679678e-01,
-1.0851191653673702e+00,-9.9491030291491755e-01,-1.0892415099205122e+00,-9.8738320432880389e-01,
-1.0549948525263906e+00,-9.9694162158397792e-01,-1.0383613489587968e+00,-9.9115660515704507e-01,
-1.0316671720424315e+00,-9.9396783936057753e-01,-1.0894621757376732e+00,-9.9753574525080835e-01,
-1.0393800113259104e+00,-9.9876329125447783e-01,-1.0889006028387178e+00,-9.7831361133872863e-01,
-1.0903797415290066e+00,-9.9066071948129064e-01,-1.0609924854665569e+00,-9.8622311812385699e-01,
-1.1302488189421989e+00,-9.9492497392361834e-01,-1.0824811943761043e+00,-9.9017293979168752e-01,
-1.0441587428350998e+00,-9.7880335136711261e-01,-1.0723481089484328e+00,-9.9393093506141683e-01,
-1.1361389347752486e+00,-9.9786230183247726e-01,-1.1127927990161752e+00,-9.9805760465638871e-01,
-1.0816244938682509e+00,-9.6226446789751674e-01,-1.0611749269585351e+00,-9.9564331790976324e-01,
-1.0471489578189206e+00,-9.9055494575280023e-01,-1.1535532610312089e+00,-9.9455115776426650e-01,
-1.0384086886401340e+00,-9.8678386244071981e-01,-1.0853173632408644e+00,-9.9010192441652789e-01,
-1.1491573126682830e+00,-9.8960263789594005e-01,-1.1320878195130508e+00,-9.9508890223894264e-01,
-1.0897987172494139e+00,-9.9605416428428517e-01,-1.1891149213320573e+00,-9.7893721196189276e-01,
-1.0827466989311398e+00,-9.8210140545594471e-01,-1.0546760354814586e+00,-9.9201471079165671e-01,
-1.1471048303035518e+00,-9.9456190495099905e-01,-1.0390349908191245e+00,-9.9796969325472962e-01,
-1.0937704993955792e+00,-9.9540171336638750e-01,-1.0675602141519041e+00,-9.8888842116932762e-01,
-1.1160743552162200e+00,-9.9623890417105199e-01,-1.0679834746540806e+00,-9.9429059534804665e-01,
-1.0365413578622420e+00,-9.9770696726957031e-01,-1.1000339151659806e+00,-9.9084771562013241e-01,
-1.0536154518734311e+00,-9.8670361161158782e-01,-1.0684071400677766e+00,-9.7812492413260865e-01,
-1.1440096505514505e+00,-9.9576449567505465e-01,-1.0817085416216246e+00,-9.9282646658352813e-01,
-1.0812965400399057e+00,-9.9417443020418450e-01,-1.0917301428751682e+00,-9.9595428734586455e-01,
-1.1450733837325686e+00,-9.9455631585635451e-01,-1.0814470877526181e+00,-9.9527583733383695e-01,
-1.1497160255458541e+00,-9.9512160465169675e-01,-1.1343982822393830e+00,-9.7378768798329951e-01,
-1.0661714037454839e+00,-9.9120632101383077e-01,-1.0487118858203388e+00,-9.9092092894849093e-01,
-1.0747861287481681e+00,-9.8924458718812691e-01,-1.1337668132521721e+00,-9.9583048601816371e-01,
-1.0931973373239499e+00,-9.9583061911622783e-01,-1.1422697824042358e+00,-9.8633719333805492e-01,
-1.1257513334077476e+00,-9.9532278080668690e-01,-1.1163048302975676e+00,-9.9159514652041769e-01,
-1.1045984969818916e+00,-9.8489136689167422e-01,-1.0658470676816518e+00,-9.9523812849798476e-01,

90,4
1.1030026188358404e+00,9.9329350761908330e-01,1.1471255057064560e+00,9.8501400087714408e-01,
1.0924769010226156e+00,9.9797888123152689e-01,1.1340869398487028e+00,9.9288322068743151e-01,
1.0696467062747657e+00,9.8672111906911686e-01,1.1175191927559900e+00,9.9650553189283420e-01,
1.0552886255866518e+00,9.8216678091479215e-01,1.0590726009752676e+00,9.9821548562288520e-01,
1.1443552911546526e+00,9.9378397306503397e-01,1.0980991720305626e+00,9.9786561513375072e-01,
1.0943724106838306e+00,9.9390607313875023e-01,1.0974591965525557e+00,9.9563545237556694e-01,
1.0993760478073988e+00,9.9657411816411412e-01,1.0776417199648851e+00,9.9210997587071026e-01,
1.1236557149669404e+00,9.9810009025831326e-01,1.0875745264555299e+00,9.9377351424212101e-01,
1.0417115758661473e+00,9.9509395671962464e-01,1.1096113527998401e+00,9.6184366172084779e-01,
1.1042710278116201e+00,9.8683746647194992e-01,1.1220862612102567e+00,9.8667338814787175e-01,
1.0271313719849786e+00,9.8378223426618339e-01,1.0618987689617729e+00,9.9637011946875642e-01,
1.0426037901811156e+00,9.9841257418453255e-01,1.0575501475695428e+00,9.9610492466217460e-01,
1.0919085053211381e+00,9.9886508728788126e-01,1.0812415464991301e+00,9.9504436304099697e-01,
1.0964365494000123e+00,9.9271478676062308e-01,1.1416350575341017e+00,9.9134368998530475e-01,
1.1428759725532540e+00,9.8204409546508975e-01,1.1376769239383357e+00,9.8420278078265744e-01,
1.0794164421484735e+00,9.9367718627358270e-01,1.2819185977545005e+00,9.9024759921283667e-01,
1.0810832133002515e+00,9.9710493153534852e-01,1.0905791477997324e+00,9.8788523322639155e-01,
1.0219584928935070e+00,9.6708576645649180e-01,1.0785870702107649e+00,9.7759611675133196e-01,
1.1284870809376328e+00,9.9996967992739205e-01,1.1149411547572363e+00,9.9621756456546839e-01,
1.0801011391879138e+00,9.9327855751052274e-01,1.0535490690839935e+00,9.8553925046986535e-01,
1.0434804054911830e+00,9.8614459872837090e-01,1.1257546354343204e+00,9.9678266834086460e-01,
1.0830520259476251e+00,9.9418479052732855e-01,1.0757319154404386e+00,9.9167866265612736e-01,
1.0314911774693272e+00,9.9452381701288162e-01,1.1179990963356956e+00,9.9750827275254983e-01,
1.0783771551706014e+00,9.9502055378122234e-01,1.1486309337314853e+00,9.9346092710016720e-01,
1.0863980831248516e+00,9.9746577664100844e-01,1.0933638030092607e+00,9.9744632432406988e-01,
1.1901677176602652e+00,9.9623960722150506e-01,1.1135826224566063e+00,9.9684535690204557e-01,
1.1075978167004306e+00,9.9337233669889213e-01,1.1378269911905909e+00,9.9523402257648474e-01,
1.1090640830986880e+00,9.8739220388791604e-01,1.1108891659098565e+00,9.9198079962259644e-01,
1.1543751990621558e+00,9.8518585433338368e-01,1.1147380270272296e+00,9.8859300858728671e-01,
1.0846619109865838e+00,9.9684768163671567e-01,1.1234261143116748e+00,9.6935249378808597e-01,
1.0453101176806117e+00,9.9491648934488031e-01,1.0855470866110590e+00,9.9601600709915039e-01,
1.1336288208646084e+00,9.9259860457019577e-01,1.0715954652583048e+00,9.7012110277116326e-01,
1.1004862302067313e+00,9.9636377185894165e-01,1.1073937680348591e+00,9.8418498642047358e-01,
1.1493772332288104e+00,9.9297951122174166e-01,1.2383758492815333e+00,9.8641584164089191e-01,
1.1558753108034197e+00,9.9671739272055737e-01,1.0701765627519479e+00,9.7102807065230756e-01,
1.0844054235821106e+00,9.8897674221031995e-01,1.1216464389034067e+00,9.9524989384202878e-01,
1.0926988857246924e+00,9.9765719647746443e-01,1.1031630248272086e+00,9.9023806744324527e-01,
1.1102862761891155e+00,9.9465298845091044e-01,1.1438600303910493e+00,9.9214114741817094e-01,
1.1025276291793225e+00,9.9279968702641819e-01,1.1763514549919647e+00,9.8812298946736676e-01,
1.0583053840863195e+00,9.9291367505717298e-01,1.2098519410215138e+00,9.9297624514851968e-01,
1.1545679743177450e+00,9.9081963754965985e-01,1.0857276972214283e+00,9.9462076333742588e-01,
1.1173347858076748e+00,9.9394504079065393e-01,1.0908525014434345e+00,9.9524910088822616e-01,
1.0779539067871242e+00,9.8942519761852987e-01,1.1350627745273134e+00,9.8625654327665602e-01,
1.0673418931121430e+00,9.8709135221334088e-01,1.1034621832708484e+00,9.8978977026160775e-01,
1.0933559452825106e+00,9.9339544382429035e-01,1.1159757900161098e+00,9.9300848926009622e-01,
1.0506914342428881e+00,9.9195036597307340e-01,1.1231208972327913e+00,9.9797514839179302e-01,
1.0331555906800338e+00,9.9178034621355160e-01,1.0375171194256083e+00,9.9559996149827024e-01,
1.1441445488313395e+00,9.8429146785315502e-01,1.1156902366663564e+00,9.9547137879810432e-01,
1.0929371913559696e+00,9.9701609576272043e-01,1.1056064957001941e+00,9.9622976760668591e-01,
1.0581032430240525e+00,9.9594850509115718e-01,1.0996128109280094e+00,9.8874456704087665e-01,
1.0969882446446881e+00,9.9045365620205583e-01,1.0481508588732653e+00,9.9392446721168992e-01,
1.0928710209986741e+00,9.8785921635626728e-01,1.1018671171453012e+00,9.9468651743635639e-01,
1.1380212840211412e+00,9.9600623383142772e-01,1.0241812275169562e+00,9.9233868616330612e-01,
1.1088611777563675e+00,9.9400450881822378e-01,1.1352860441242265e+00,9.9689373159775163e-01,
1.1070333422820364e+00,9.9596825533557176e-01,1.0871980268242822e+00,9.9317791044389148e-01,
1.0471322650045041e+00,9.9363340011251144e-01,1.0712493097643969e+00,9.9510977253757593e-01,
1.0819928279356195e+00,9.9011236388227430e-01,1.1186311916780269e+00,9.9748321673393248e-01,
1.1210830941473144e+00,9.9275370188915857e-01,1.0927588822514913e+00,9.9748796269399620e-01,
1.0901853549315417e+00,9.9624182905717107e-01,1.0469338038061218e+00,9.9806513172556843e-01,
1.2324291156190323e+00,9.9325361833028603e-01,1.0905019402619356e+00,9.9599361550921983e-01,
1.0744136380610971e+00,9.8783441859694032e-01,1.0473054281905601e+00,9.9408415517855842e-01,
1.0542905043809512e+00,9.9405572632718520e-01,1.1214086612162359e+00,9.9576826944698638e-01,
1.0655354891694280e+00,9.9376613778225376e-01,1.1182214431101356e+00,9.8301699027386680e-01,
1.0397401311768180e+00,9.9508032249032685e-01,1.1379322057533452e+00,9.9142215555047042e-01,
1.1626538986803110e+00,9.9279245428845508e-01,1.0765503537439285e+00,9.9011478564156630e-01,
1.0539865040016516e+00,9.9244027967861648e-01,1.0254353186945471e+00,9.9011971827828593e-01,
1.1632648662936074e+00,9.9795116765698588e-01,1.0711661365643748e+00,9.9402025829741658e-01,
1.1396830575882779e+00,9.9496371765818825e-01,1.1240615842337671e+00,9.9522845591727382e-01,
1.1774065642069327e+00,9.9079564058503744e-01,1.0965589676681384e+00,9.9523065810486999e-01,
1.0122693482364367e+00,9.9610362498532290e-01,1.0687356548068416e+00,9.9776677711213524e-01,
1.1517851625622584e+00,9.8887332274700734e-01,1.1788060131436791e+00,9.9452964371096630e-01,
1.0640462084314959e+00,9.9626660627105590e-01,1.1053212889547386e+00,9.9282028047836401e-01,
1.0875434974052631e+00,9.9033354244402305e-01,1.1242283306676397e+00,9.9478120299797690e-01,
1.0340606944610131e+00,9.9339834251912318e-01,1.1586725725544005e+00,9.9619786875522720e-01,
1.1176116276516299e+00,9.8666672169498804e-01,1.1405329529214379e+00,9.9319335458052904e-01,
1.0270925296979405e+00,9.8866315103896596e-01,1.0995811946510761e+00,9.8232473328181369e-01,
1.1389522383691677e+00,9.9142778999425929e-01,1.0651461304376668e+00,9.9518540939235112e-01,
1.0455745000610313e+00,9.9382916009618116e-01,1.0966125172232806e+00,9.8918129524108722e-01,
1.1007551757346921e+00,9.9397098992064414e-01,1.1508679478870132e+00,9.9705175492883791e-01,
1.1201122041532126e+00,9.8793796913183818e-01,1.1002214106684951e+00,9.9332378958239287e-01,
1.0608502410855185e+00,9.9776416974966953e-01,1.0967394684950420e+00,9.9643426420024372e-01,
1.1389906258634728e+00,9.8578446826992994e-01,1.0688256394047457e+00,9.8994396382643934e-01,
1.0613172801473354e+00,9.9532246005869418e-01,1.1715911665525318e+00,9.9265007870688093e-01,
1.1427702785817495e+00,9.9642374147185653e-01,1.1647753538429015e+00,9.9429067619978884e-01,
1.0675008167496407e+00,9.9549447357997634e-01,1.0884516837212279e+00,9.8625983677318518e-01,
1.1196053714034526e+00,9.9603296962322729e-01,1.0736789773835511e+00,9.9370716387882974e-01,
1.0704159488321014e+00,9.9860399935523181e-01,1.1150322339535983e+00,9.8515307391897800e-01,
1.0939174173719941e+00,9.8862304277749946e-01,1.0700296085556706e+00,9.9903416466088446e-01,
1.2137937254788240e+00,9.9473374781296120e-01,1.0870420278230077e+00,9.8671560345446585e-01,
1.0374606208246215e+00,9.9361279254364909e-01,1.1223075369068469e+00,9.9206851622458470e-01,

