1
1
4
0
(180 0
((0,0,0) (6,6,7) (0,0,0))
((14,0,0) (20,6,7) (0,0,0))
((7,0,0) (13,6,7) (0,0,0))
((0,14,0) (6,20,7) (0,0,0))
((0,7,0) (6,13,7) (0,0,0))
((14,14,0) (20,20,7) (0,0,0))
((14,7,0) (20,13,7) (0,0,0))
((7,14,0) (13,20,7) (0,0,0))
((7,7,0) (13,13,7) (0,0,0))
((0,0,152) (6,6,159) (0,0,0))
((0,0,144) (6,6,151) (0,0,0))
((0,0,136) (6,6,143) (0,0,0))
((0,0,128) (6,6,135) (0,0,0))
((0,0,120) (6,6,127) (0,0,0))
((0,0,112) (6,6,119) (0,0,0))
((0,0,104) (6,6,111) (0,0,0))
((0,0,96) (6,6,103) (0,0,0))
((0,0,88) (6,6,95) (0,0,0))
((0,0,80) (6,6,87) (0,0,0))
((0,0,72) (6,6,79) (0,0,0))
((0,0,64) (6,6,71) (0,0,0))
((0,0,56) (6,6,63) (0,0,0))
((0,0,48) (6,6,55) (0,0,0))
((0,0,40) (6,6,47) (0,0,0))
((0,0,32) (6,6,39) (0,0,0))
((0,0,24) (6,6,31) (0,0,0))
((0,0,16) (6,6,23) (0,0,0))
((0,0,8) (6,6,15) (0,0,0))
((14,0,152) (20,6,159) (0,0,0))
((14,0,144) (20,6,151) (0,0,0))
((14,0,136) (20,6,143) (0,0,0))
((14,0,128) (20,6,135) (0,0,0))
((14,0,120) (20,6,127) (0,0,0))
((14,0,112) (20,6,119) (0,0,0))
((14,0,104) (20,6,111) (0,0,0))
((14,0,96) (20,6,103) (0,0,0))
((14,0,88) (20,6,95) (0,0,0))
((14,0,80) (20,6,87) (0,0,0))
((14,0,72) (20,6,79) (0,0,0))
((14,0,64) (20,6,71) (0,0,0))
((14,0,56) (20,6,63) (0,0,0))
((14,0,48) (20,6,55) (0,0,0))
((14,0,40) (20,6,47) (0,0,0))
((14,0,32) (20,6,39) (0,0,0))
((14,0,24) (20,6,31) (0,0,0))
((14,0,16) (20,6,23) (0,0,0))
((14,0,8) (20,6,15) (0,0,0))
((7,0,152) (13,6,159) (0,0,0))
((7,0,144) (13,6,151) (0,0,0))
((7,0,136) (13,6,143) (0,0,0))
((7,0,128) (13,6,135) (0,0,0))
((7,0,120) (13,6,127) (0,0,0))
((7,0,112) (13,6,119) (0,0,0))
((7,0,104) (13,6,111) (0,0,0))
((7,0,96) (13,6,103) (0,0,0))
((7,0,88) (13,6,95) (0,0,0))
((7,0,80) (13,6,87) (0,0,0))
((7,0,72) (13,6,79) (0,0,0))
((7,0,64) (13,6,71) (0,0,0))
((7,0,56) (13,6,63) (0,0,0))
((7,0,48) (13,6,55) (0,0,0))
((7,0,40) (13,6,47) (0,0,0))
((7,0,32) (13,6,39) (0,0,0))
((7,0,24) (13,6,31) (0,0,0))
((7,0,16) (13,6,23) (0,0,0))
((7,0,8) (13,6,15) (0,0,0))
((0,14,152) (6,20,159) (0,0,0))
((0,14,144) (6,20,151) (0,0,0))
((0,14,136) (6,20,143) (0,0,0))
((0,14,128) (6,20,135) (0,0,0))
((0,14,120) (6,20,127) (0,0,0))
((0,14,112) (6,20,119) (0,0,0))
((0,14,104) (6,20,111) (0,0,0))
((0,14,96) (6,20,103) (0,0,0))
((0,14,88) (6,20,95) (0,0,0))
((0,14,80) (6,20,87) (0,0,0))
((0,14,72) (6,20,79) (0,0,0))
((0,14,64) (6,20,71) (0,0,0))
((0,14,56) (6,20,63) (0,0,0))
((0,14,48) (6,20,55) (0,0,0))
((0,14,40) (6,20,47) (0,0,0))
((0,14,32) (6,20,39) (0,0,0))
((0,14,24) (6,20,31) (0,0,0))
((0,14,16) (6,20,23) (0,0,0))
((0,14,8) (6,20,15) (0,0,0))
((0,7,152) (6,13,159) (0,0,0))
((0,7,144) (6,13,151) (0,0,0))
((0,7,136) (6,13,143) (0,0,0))
((0,7,128) (6,13,135) (0,0,0))
((0,7,120) (6,13,127) (0,0,0))
((0,7,112) (6,13,119) (0,0,0))
((0,7,104) (6,13,111) (0,0,0))
((0,7,96) (6,13,103) (0,0,0))
((0,7,88) (6,13,95) (0,0,0))
((0,7,80) (6,13,87) (0,0,0))
((0,7,72) (6,13,79) (0,0,0))
((0,7,64) (6,13,71) (0,0,0))
((0,7,56) (6,13,63) (0,0,0))
((0,7,48) (6,13,55) (0,0,0))
((0,7,40) (6,13,47) (0,0,0))
((0,7,32) (6,13,39) (0,0,0))
((0,7,24) (6,13,31) (0,0,0))
((0,7,16) (6,13,23) (0,0,0))
((0,7,8) (6,13,15) (0,0,0))
((14,14,152) (20,20,159) (0,0,0))
((14,14,144) (20,20,151) (0,0,0))
((14,14,136) (20,20,143) (0,0,0))
((14,14,128) (20,20,135) (0,0,0))
((14,14,120) (20,20,127) (0,0,0))
((14,14,112) (20,20,119) (0,0,0))
((14,14,104) (20,20,111) (0,0,0))
((14,14,96) (20,20,103) (0,0,0))
((14,14,88) (20,20,95) (0,0,0))
((14,14,80) (20,20,87) (0,0,0))
((14,14,72) (20,20,79) (0,0,0))
((14,14,64) (20,20,71) (0,0,0))
((14,14,56) (20,20,63) (0,0,0))
((14,14,48) (20,20,55) (0,0,0))
((14,14,40) (20,20,47) (0,0,0))
((14,14,32) (20,20,39) (0,0,0))
((14,14,24) (20,20,31) (0,0,0))
((14,14,16) (20,20,23) (0,0,0))
((14,14,8) (20,20,15) (0,0,0))
((14,7,152) (20,13,159) (0,0,0))
((14,7,144) (20,13,151) (0,0,0))
((14,7,136) (20,13,143) (0,0,0))
((14,7,128) (20,13,135) (0,0,0))
((14,7,120) (20,13,127) (0,0,0))
((14,7,112) (20,13,119) (0,0,0))
((14,7,104) (20,13,111) (0,0,0))
((14,7,96) (20,13,103) (0,0,0))
((14,7,88) (20,13,95) (0,0,0))
((14,7,80) (20,13,87) (0,0,0))
((14,7,72) (20,13,79) (0,0,0))
((14,7,64) (20,13,71) (0,0,0))
((14,7,56) (20,13,63) (0,0,0))
((14,7,48) (20,13,55) (0,0,0))
((14,7,40) (20,13,47) (0,0,0))
((14,7,32) (20,13,39) (0,0,0))
((14,7,24) (20,13,31) (0,0,0))
((14,7,16) (20,13,23) (0,0,0))
((14,7,8) (20,13,15) (0,0,0))
((7,14,152) (13,20,159) (0,0,0))
((7,14,144) (13,20,151) (0,0,0))
((7,14,136) (13,20,143) (0,0,0))
((7,14,128) (13,20,135) (0,0,0))
((7,14,120) (13,20,127) (0,0,0))
((7,14,112) (13,20,119) (0,0,0))
((7,14,104) (13,20,111) (0,0,0))
((7,14,96) (13,20,103) (0,0,0))
((7,14,88) (13,20,95) (0,0,0))
((7,14,80) (13,20,87) (0,0,0))
((7,14,72) (13,20,79) (0,0,0))
((7,14,64) (13,20,71) (0,0,0))
((7,14,56) (13,20,63) (0,0,0))
((7,14,48) (13,20,55) (0,0,0))
((7,14,40) (13,20,47) (0,0,0))
((7,14,32) (13,20,39) (0,0,0))
((7,14,24) (13,20,31) (0,0,0))
((7,14,16) (13,20,23) (0,0,0))
((7,14,8) (13,20,15) (0,0,0))
((7,7,152) (13,13,159) (0,0,0))
((7,7,144) (13,13,151) (0,0,0))
((7,7,136) (13,13,143) (0,0,0))
((7,7,128) (13,13,135) (0,0,0))
((7,7,120) (13,13,127) (0,0,0))
((7,7,112) (13,13,119) (0,0,0))
((7,7,104) (13,13,111) (0,0,0))
((7,7,96) (13,13,103) (0,0,0))
((7,7,88) (13,13,95) (0,0,0))
((7,7,80) (13,13,87) (0,0,0))
((7,7,72) (13,13,79) (0,0,0))
((7,7,64) (13,13,71) (0,0,0))
((7,7,56) (13,13,63) (0,0,0))
((7,7,48) (13,13,55) (0,0,0))
((7,7,40) (13,13,47) (0,0,0))
((7,7,32) (13,13,39) (0,0,0))
((7,7,24) (13,13,31) (0,0,0))
((7,7,16) (13,13,23) (0,0,0))
((7,7,8) (13,13,15) (0,0,0))
)
180
FabOnDisk: Cell_D_00000 0
FabOnDisk: Cell_D_00000 12630
FabOnDisk: Cell_D_00000 25262
FabOnDisk: Cell_D_00000 37893
FabOnDisk: Cell_D_00000 50525
FabOnDisk: Cell_D_00000 63156
FabOnDisk: Cell_D_00000 75790
FabOnDisk: Cell_D_00000 88423
FabOnDisk: Cell_D_00000 101056
FabOnDisk: Cell_D_00003 0
FabOnDisk: Cell_D_00003 12634
FabOnDisk: Cell_D_00003 25268
FabOnDisk: Cell_D_00003 37902
FabOnDisk: Cell_D_00003 50536
FabOnDisk: Cell_D_00002 0
FabOnDisk: Cell_D_00002 12634
FabOnDisk: Cell_D_00002 25268
FabOnDisk: Cell_D_00002 37901
FabOnDisk: Cell_D_00002 50533
FabOnDisk: Cell_D_00001 0
FabOnDisk: Cell_D_00001 12632
FabOnDisk: Cell_D_00001 25264
FabOnDisk: Cell_D_00001 37896
FabOnDisk: Cell_D_00001 50528
FabOnDisk: Cell_D_00000 113688
FabOnDisk: Cell_D_00000 126320
FabOnDisk: Cell_D_00000 138952
FabOnDisk: Cell_D_00000 151584
FabOnDisk: Cell_D_00003 63170
FabOnDisk: Cell_D_00003 75806
FabOnDisk: Cell_D_00003 88442
FabOnDisk: Cell_D_00003 101078
FabOnDisk: Cell_D_00003 113714
FabOnDisk: Cell_D_00002 63165
FabOnDisk: Cell_D_00002 75801
FabOnDisk: Cell_D_00002 88437
FabOnDisk: Cell_D_00002 101072
FabOnDisk: Cell_D_00002 113706
FabOnDisk: Cell_D_00001 63160
FabOnDisk: Cell_D_00001 75794
FabOnDisk: Cell_D_00001 88428
FabOnDisk: Cell_D_00001 101062
FabOnDisk: Cell_D_00001 113696
FabOnDisk: Cell_D_00000 164215
FabOnDisk: Cell_D_00000 176849
FabOnDisk: Cell_D_00000 189483
FabOnDisk: Cell_D_00000 202117
FabOnDisk: Cell_D_00003 126350
FabOnDisk: Cell_D_00003 138985
FabOnDisk: Cell_D_00003 151620
FabOnDisk: Cell_D_00003 164255
FabOnDisk: Cell_D_00003 176890
FabOnDisk: Cell_D_00002 126340
FabOnDisk: Cell_D_00002 138975
FabOnDisk: Cell_D_00002 151610
FabOnDisk: Cell_D_00002 164244
FabOnDisk: Cell_D_00002 176877
FabOnDisk: Cell_D_00001 126330
FabOnDisk: Cell_D_00001 138963
FabOnDisk: Cell_D_00001 151596
FabOnDisk: Cell_D_00001 164229
FabOnDisk: Cell_D_00001 176862
FabOnDisk: Cell_D_00000 214750
FabOnDisk: Cell_D_00000 227383
FabOnDisk: Cell_D_00000 240016
FabOnDisk: Cell_D_00000 252649
FabOnDisk: Cell_D_00003 189525
FabOnDisk: Cell_D_00003 202161
FabOnDisk: Cell_D_00003 214797
FabOnDisk: Cell_D_00003 227433
FabOnDisk: Cell_D_00003 240069
FabOnDisk: Cell_D_00002 189510
FabOnDisk: Cell_D_00002 202146
FabOnDisk: Cell_D_00002 214782
FabOnDisk: Cell_D_00002 227417
FabOnDisk: Cell_D_00002 240051
FabOnDisk: Cell_D_00001 189495
FabOnDisk: Cell_D_00001 202129
FabOnDisk: Cell_D_00001 214763
FabOnDisk: Cell_D_00001 227397
FabOnDisk: Cell_D_00001 240031
FabOnDisk: Cell_D_00000 265281
FabOnDisk: Cell_D_00000 277915
FabOnDisk: Cell_D_00000 290549
FabOnDisk: Cell_D_00000 303183
FabOnDisk: Cell_D_00003 252705
FabOnDisk: Cell_D_00003 265340
FabOnDisk: Cell_D_00003 277975
FabOnDisk: Cell_D_00003 290610
FabOnDisk: Cell_D_00003 303245
FabOnDisk: Cell_D_00002 252685
FabOnDisk: Cell_D_00002 265320
FabOnDisk: Cell_D_00002 277955
FabOnDisk: Cell_D_00002 290589
FabOnDisk: Cell_D_00002 303222
FabOnDisk: Cell_D_00001 252665
FabOnDisk: Cell_D_00001 265298
FabOnDisk: Cell_D_00001 277931
FabOnDisk: Cell_D_00001 290564
FabOnDisk: Cell_D_00001 303197
FabOnDisk: Cell_D_00000 315816
FabOnDisk: Cell_D_00000 328449
FabOnDisk: Cell_D_00000 341082
FabOnDisk: Cell_D_00000 353715
FabOnDisk: Cell_D_00003 315880
FabOnDisk: Cell_D_00003 328518
FabOnDisk: Cell_D_00003 341156
FabOnDisk: Cell_D_00003 353794
FabOnDisk: Cell_D_00003 366432
FabOnDisk: Cell_D_00002 315855
FabOnDisk: Cell_D_00002 328493
FabOnDisk: Cell_D_00002 341131
FabOnDisk: Cell_D_00002 353768
FabOnDisk: Cell_D_00002 366404
FabOnDisk: Cell_D_00001 315830
FabOnDisk: Cell_D_00001 328466
FabOnDisk: Cell_D_00001 341102
FabOnDisk: Cell_D_00001 353738
FabOnDisk: Cell_D_00001 366374
FabOnDisk: Cell_D_00000 366347
FabOnDisk: Cell_D_00000 378983
FabOnDisk: Cell_D_00000 391619
FabOnDisk: Cell_D_00000 404255
FabOnDisk: Cell_D_00003 379070
FabOnDisk: Cell_D_00003 391707
FabOnDisk: Cell_D_00003 404344
FabOnDisk: Cell_D_00003 416981
FabOnDisk: Cell_D_00003 429618
FabOnDisk: Cell_D_00002 379040
FabOnDisk: Cell_D_00002 391677
FabOnDisk: Cell_D_00002 404314
FabOnDisk: Cell_D_00002 416950
FabOnDisk: Cell_D_00002 429585
FabOnDisk: Cell_D_00001 379010
FabOnDisk: Cell_D_00001 391645
FabOnDisk: Cell_D_00001 404280
FabOnDisk: Cell_D_00001 416915
FabOnDisk: Cell_D_00001 429550
FabOnDisk: Cell_D_00000 416890
FabOnDisk: Cell_D_00000 429525
FabOnDisk: Cell_D_00000 442160
FabOnDisk: Cell_D_00000 454795
FabOnDisk: Cell_D_00003 442255
FabOnDisk: Cell_D_00003 454892
FabOnDisk: Cell_D_00003 467529
FabOnDisk: Cell_D_00003 480166
FabOnDisk: Cell_D_00003 492803
FabOnDisk: Cell_D_00002 442220
FabOnDisk: Cell_D_00002 454857
FabOnDisk: Cell_D_00002 467494
FabOnDisk: Cell_D_00002 480130
FabOnDisk: Cell_D_00002 492765
FabOnDisk: Cell_D_00001 442185
FabOnDisk: Cell_D_00001 454820
FabOnDisk: Cell_D_00001 467455
FabOnDisk: Cell_D_00001 480090
FabOnDisk: Cell_D_00001 492725
FabOnDisk: Cell_D_00000 467429
FabOnDisk: Cell_D_00000 480064
FabOnDisk: Cell_D_00000 492699
FabOnDisk: Cell_D_00000 505334
FabOnDisk: Cell_D_00003 505440
FabOnDisk: Cell_D_00003 518076
FabOnDisk: Cell_D_00003 530712
FabOnDisk: Cell_D_00003 543348
FabOnDisk: Cell_D_00003 555984
FabOnDisk: Cell_D_00002 505400
FabOnDisk: Cell_D_00002 518036
FabOnDisk: Cell_D_00002 530672
FabOnDisk: Cell_D_00002 543307
FabOnDisk: Cell_D_00002 555941
FabOnDisk: Cell_D_00001 505360
FabOnDisk: Cell_D_00001 517994
FabOnDisk: Cell_D_00001 530628
FabOnDisk: Cell_D_00001 543262
FabOnDisk: Cell_D_00001 555896
FabOnDisk: Cell_D_00000 517968
FabOnDisk: Cell_D_00000 530602
FabOnDisk: Cell_D_00000 543236
FabOnDisk: Cell_D_00000 555870

180,4
-9.9763585690172130e-01,-9.9797343996426058e-01,-9.9882179727808496e-01,-9.9490692905872202e-01,
-9.9377753854578432e-01,-9.9283149420233452e-01,-9.9310697583518315e-01,-9.9506301630573857e-01,
-9.9775977264852300e-01,-9.9791818308826485e-01,-9.9670559144314541e-01,-9.9472305610621392e-01,
-9.9337911289721392e-01,-9.9019303536477665e-01,-9.9059375858585974e-01,-9.9810018060386374e-01,
-9.9709317709099121e-01,-9.9909688585764089e-01,-9.8732792857902119e-01,-9.9888190914354591e-01,
-9.9906872237401900e-01,-9.9082285980826534e-01,-9.9987331395278278e-01,-9.9442318086875070e-01,
-9.9471261139041245e-01,-9.9931679344782987e-01,-9.9606052585424554e-01,-9.9722670135780322e-01,
-9.9734058649434176e-01,-9.9694947624654229e-01,-9.9924579654489543e-01,-9.9361053849312442e-01,
-9.9833421041304715e-01,-9.9565065560037525e-01,-9.9738245871297337e-01,-9.9599808265830703e-01,
-9.9648737489507977e-01,-9.9999442487770540e-01,-9.9145798424741127e-01,-9.9799830433290948e-01,
-9.9843998055098404e-01,-9.7779043930222709e-01,-9.9661541781737240e-01,-9.9640920003959643e-01,
-9.7569682177689376e-01,-9.9551836217195877e-01,-9.9521376234595516e-01,-9.9747864837405475e-01,
-9.9639378834433801e-01,-9.9896993694637048e-01,-9.9978215933423453e-01,-9.9903275146302917e-01,
-9.9162272120060901e-01,-9.9594194373419942e-01,-9.9977527986778369e-01,-9.9667750248021114e-01,
-9.9920907138771220e-01,-9.9904236852378947e-01,-9.9608218573963814e-01,-9.9536325005438941e-01,
-9.8172875813633698e-01,-9.9886432252001467e-01,-9.8398146379480633e-01,-9.9835334788513042e-01,
-9.9674062532133323e-01,-9.9000554801543017e-01,-9.9838704278450774e-01,-9.9698230127391685e-01,
-9.7641842796869704e-01,-9.9781598534714899e-01,-9.9998696142948840e-01,-9.9945568535186080e-01,
-9.9951116754112235e-01,-9.7198253534827095e-01,-9.9696948058709500e-01,-9.9983269441144518e-01,
-9.9975283164053685e-01,-9.9691852909191492e-01,-9.9459404678680619e-01,-9.9906305824615171e-01,
-9.9400814312748254e-01,-9.9727125067529621e-01,-9.8637314505990248e-01,-9.9870172260958789e-01,
-9.9855252698229113e-01,-9.9712445860533305e-01,-9.9752073683323617e-01,-9.9889369429174391e-01,
-9.9829503897354299e-01,-9.9896167222197330e-01,-9.9545772400676447e-01,-9.8476963625650304e-01,
-9.9903090042434617e-01,-9.9266762217473858e-01,-9.9006430993653038e-01,-9.9535181455250121e-01,
-9.9417868342955085e-01,-9.9073826852151881e-01,-9.9532504587390969e-01,-9.9310922280381753e-01,
-9.9619531238613013e-01,-9.9512779669803464e-01,-9.9970747001751648e-01,-9.9574357481972708e-01,
-9.9905169358078183e-01,-9.9753612187946583e-01,-9.9966353740397229e-01,-9.9482039060742056e-01,
-9.9775220161164735e-01,-9.9696955721396463e-01,-9.9938710046904822e-01,-9.9892187805649224e-01,
-9.9787487322368862e-01,-9.9474873119238993e-01,-9.9222549339778632e-01,-9.9900200094071312e-01,
-9.9915553343052799e-01,-9.9391419130320968e-01,-9.9787734288555885e-01,-9.9995341804874949e-01,
-9.9992159514105183e-01,-9.9257376656015273e-01,-9.9687104177291286e-01,-9.9996530637733771e-01,
-9.8847672513393003e-01,-9.9028764632133837e-01,-9.9638763799217689e-01,-9.9572155511181726e-01,
-9.9989985511058610e-01,-9.9600190366613939e-01,-9.9441633394344453e-01,-9.9861402674786648e-01,
-9.7641834978631503e-01,-9.9910297454124364e-01,-9.8986206417702050e-01,-9.9814240234753659e-01,
-9.9965549468920867e-01,-9.9647821655040181e-01,-9.9551431310947314e-01,-9.9997325745102539e-01,
-9.9050115379065395e-01,-9.9267973998203407e-01,-9.9611446329488973e-01,-9.9804825714508461e-01,
-9.9522687389275177e-01,-9.9866183917097573e-01,-9.9925466663210516e-01,-9.8984214103538781e-01,
-9.9882380612409283e-01,-9.9246162903729229e-01,-9.9684086562015106e-01,-9.9833023849334623e-01,
-9.9754314327455418e-01,-9.9406791416317364e-01,-9.9962187898272314e-01,-9.9407639788339941e-01,
-9.9945494381614219e-01,-9.9978735839387922e-01,-9.8537323024006473e-01,-9.8528487304441648e-01,
-9.9546196972936474e-01,-9.9388998609183077e-01,-9.9945315239460597e-01,-9.9350572635425971e-01,
-9.9261365661533663e-01,-9.9154044725738877e-01,-9.9460620717468917e-01,-9.9550355315094285e-01,
-9.8101323929937367e-01,-9.9054177178161673e-01,-9.9935133392515341e-01,-9.8474250370217742e-01,
-9.9637686632131817e-01,-9.9927001509869651e-01,-9.9992870826465996e-01,-9.8943487281616160e-01,
-9.9133728656146658e-01,-9.9142382992428901e-01,-9.9906091092277616e-01,-9.8900314889896668e-01,
-9.9887138174329426e-01,-9.9782154684368429e-01,-9.9664574725640753e-01,-9.8166828022722741e-01,
-9.9612189026354714e-01,-9.9663452183519896e-01,-9.9916371232087864e-01,-9.9928445881992689e-01,
-9.9611224857891412e-01,-9.9787538347978733e-01,-9.9251342134860598e-01,-9.9325037564880081e-01,
-9.9308105905175947e-01,-9.9969185155000906e-01,-9.9615114612284406e-01,-9.9584630060809809e-01,
-9.9725805496950926e-01,-9.8670831938922832e-01,-9.9982185940591473e-01,-9.9790699538538497e-01,
-9.9352937774018157e-01,-9.9541611175890621e-01,-9.9826001976307710e-01,-9.9419504411299664e-01,
-9.9867895334972145e-01,-9.9246742483505179e-01,-9.8284016555689047e-01,-9.9769690674658307e-01,
-9.9664816743554818e-01,-9.9130518828546155e-01,-9.9612360262084498e-01,-9.9722396341882469e-01,
-9.9902370274056962e-01,-9.9564118444696514e-01,-9.8257002641848157e-01,-9.9874804527841343e-01,
-9.9595714712409589e-01,-9.9182346980716507e-01,-9.9632529875874332e-01,-9.9708279953427459e-01,
-9.8633024731134444e-01,-9.9768459184827474e-01,-9.8947346768873634e-01,-9.9988030242880177e-01,
-9.9394518145168831e-01,-9.9986845398503632e-01,-9.9983339247447878e-01,-9.9813395831037910e-01,
-9.9384477239125901e-01,-9.9885560007664131e-01,-9.9342093654553698e-01,-9.9389531861996760e-01,
-9.9926607415346336e-01,-9.9274650068114145e-01,-9.9788855636281182e-01,-9.9544480124594648e-01,
-9.9272408967540737e-01,-9.8569771211368451e-01,-9.9906120038045521e-01,-9.9960848087236664e-01,
-9.9606742064607900e-01,-9.9289376237363092e-01,-9.9902965057652171e-01,-9.9801858434591939e-01,
-9.9959675730397679e-01,-9.9918983292650543e-01,-9.9407783326187904e-01,-9.8781821219917343e-01,
-9.9643961850078711e-01,-9.9850558921222510e-01,-9.9801526111659167e-01,-9.9963822544998715e-01,
-9.7826503138198240e-01,-9.9336515091943078e-01,-9.8858636451478032e-01,-9.9996309087226187e-01,
-9.9489213854646763e-01,-9.9734462320442585e-01,-9.9251699659852000e-01,-9.9766770825652429e-01,
-9.8301858949210985e-01,-9.9889182964867973e-01,-9.9592320203116180e-01,-9.9978782869344318e-01,
-9.9941149406969143e-01,-9.9748155241275549e-01,-9.9373638469661540e-01,-9.9453143416978007e-01,
-9.9848884313952335e-01,-9.9410600730711440e-01,-9.9070696834273819e-01,-9.9563066455068450e-01,
-9.9560236968373650e-01,-9.9679744525668745e-01,-9.9811227821451520e-01,-9.9939019555470421e-01,
-9.9624297350205093e-01,-9.9542097145641273e-01,-9.9429393344042971e-01,-9.9126686482189297e-01,
-9.8348096829968845e-01,-9.9641793260657463e-01,-9.9692339951673614e-01,-9.9346505529646745e-01,
-9.9983381205939337e-01,-9.9892396571965414e-01,-9.9513076472867557e-01,-9.9498486823326315e-01,
-9.9532139213473592e-01,-9.9811183139391946e-01,-9.9509611742848014e-01,-9.9833145334187845e-01,
-9.9569194385880844e-01,-9.9739236081668015e-01,-9.8690235194555387e-01,-9.9703494614071086e-01,
-9.9891312033628332e-01,-9.9858264197549718e-01,-9.9443254178409435e-01,-9.9481975875334383e-01,
-9.9680378558315275e-01,-9.9869542546837253e-01,-9.8140046935925984e-01,-9.9803803805779856e-01,
-9.9946843660346329e-01,-9.9997647896410058e-01,-9.9687583014283343e-01,-9.8655475106998081e-01,
-9.9838123620067531e-01,-9.8999085087729577e-01,-9.9610402521325192e-01,-9.8279842186027844e-01,
-9.9168113071443642e-01,-9.9953353767457620e-01,-9.9624687101159437e-01,-9.9737889009726333e-01,
-9.9360899836455852e-01,-9.9379218190930785e-01,-9.8021171499914617e-01,-9.9881590916492125e-01,
-9.9920376800863397e-01,-9.9476599247943498e-01,-9.9845904584569090e-01,-9.9824063153366949e-01,
-9.9500589980872634e-01,-9.9639387510940913e-01,-9.8775143409495747e-01,-9.9855893784527938e-01,
-9.9551431326873607e-01,-9.9603361303728821e-01,-9.9943989855318316e-01,-9.9880856762152959e-01,
-9.9445987459993868e-01,-9.9790363152895523e-01,-9.9570324299238600e-01,-9.9233716006855832e-01,
-9.9699966831569065e-01,-9.9987727083219302e-01,-9.9698737060614473e-01,-9.9371399549554396e-01,
-9.9624990024034876e-01,-9.9446661569328787e-01,-9.8757321535965437e-01,-9.9669325820350485e-01,
-9.9740333182177576e-01,-9.9579412203705731e-01,-9.9324906639092925e-01,-9.9771430489284652e-01,
-9.9773710559672379e-01,-9.9343583920516132e-01,-9.9343333051328631e-01,-9.9778780088834795e-01,
-9.9847979968352318e-01,-9.9883827535189051e-01,-9.9247154675127103e-01,-9.9518560042505300e-01,
-9.9126219597904430e-01,-9.9862791372298632e-01,-9.9819817118923748e-01,-9.9270746529967935e-01,
-9.9539089707320849e-01,-9.9602003283301921e-01,-9.7798201601306378e-01,-9.9927750035303797e-01,
-9.9749182012998261e-01,-9.9890110307544966e-01,-9.9850919981826780e-01,-9.9980896429004384e-01,
-9.9859536141518068e-01,-9.9925873456480907e-01,-9.9110325549205347e-01,-9.8659424756411473e-01,
-9.8281647296777597e-01,-9.9646260875746251e-01,-9.9358581659857326e-01,-9.9951093777366551e-01,
-9.9988538969894580e-01,-9.9416018172737863e-01,-9.9926682783538723e-01,-9.8957198162523119e-01,
-9.9444418321322148e-01,-9.9430638336852650e-01,-9.8780120586096642e-01,-9.9792705253961766e-01,
-9.9181249972199170e-01,-9.9149485194807729e-01,-9.9544589479046619e-01,-9.8396675075074047e-01,
-9.8676240868110932e-01,-9.8054456996809425e-01,-9.9455841882090978e-01,-9.9030791800092233e-01,
-9.9468190362551723e-01,-9.9168639181403684e-01,-9.9309749420169224e-01,-9.9272122878351032e-01,
-9.9819650693230633e-01,-9.9731988793544624e-01,-9.9593647021868870e-01,-9.9493690207610375e-01,
-9.9859815513781869e-01,-9.9781268019794001e-01,-9.9881904647579434e-01,-9.9898236313667477e-01,
-9.9787537055684206e-01,-9.9717820728163620e-01,-9.9916135491808844e-01,-9.9041492406579090e-01,
-9.9933589593696137e-01,-9.9968471900024503e-01,-9.8729580851628762e-01,-9.9672162281491394e-01,
-9.8847051448498757e-01,-9.9872221703023822e-01,-9.9884730502894414e-01,-9.9382006406449419e-01,
-9.9891786063717458e-01,-9.9595535632882726e-01,-9.9136675600427437e-01,-9.9979252875943114e-01,
-9.8776522656539667e-01,-9.9836647054946304e-01,-9.9997894975370771e-01,-9.8803423736338980e-01,
-9.9920874832614137e-01,-9.9319528757421061e-01,-9.9424315925319628e-01,-9.9110133947716572e-01,
-9.9672642592494354e-01,-9.9949984204944309e-01,-9.9458665582283134e-01,-9.9547382455612088e-01,
-9.9614736905763701e-01,-9.9715872109648540e-01,-9.9774894503587730e-01,-9.9791428294835005e-01,
-9.9764725250755903e-01,-9.9557064868678347e-01,-9.9246060042766548e-01,-9.9988042741714478e-01,
-9.7035448722458273e-01,-9.9754173831700854e-01,-9.9972925225989095e-01,-9.8408143933685444e-01,
-9.9780477734211082e-01,-9.9798550283639653e-01,-9.9861240819839747e-01,-9.9488861477344936e-01,
-9.9519640719371649e-01,-9.9041938574694932e-01,-9.9822148059124349e-01,-9.8505454414598781e-01,
-9.9442881222406754e-01,-9.9444969650899462e-01,-9.9170971121570517e-01,-9.9575649027405311e-01,
-9.9319768479172699e-01,-9.9984115939966622e-01,-9.9866270759017106e-01,-9.8881719758611031e-01,
-9.9825527011663551e-01,-9.9690021738993750e-01,-9.9809030632422890e-01,-9.9860591421135492e-01,
-9.9960874548108636e-01,-9.9579691577836704e-01,-9.9772875828506258e-01,-9.9440961029007369e-01,
-9.9594724581620653e-01,-9.8551032100375346e-01,-9.7857445241805119e-01,-9.9921819186215399e-01,
-9.9727247631919891e-01,-9.9254149394306412e-01,-9.9852210457835222e-01,-9.9998735986377030e-01,
-9.9724779166121547e-01,-9.9726534825825086e-01,-9.9649900677904368e-01,-9.9093855914386042e-01,
-9.9133949220022322e-01,-9.7901737622873142e-01,-9.8592305440302952e-01,-9.9838289357580490e-01,
-9.9759637050753158e-01,-9.9986341512922716e-01,-9.9206985895878042e-01,-9.9804552354877563e-01,
-9.9579166120353613e-01,-9.9700899092604278e-01,-9.9561952887471483e-01,-9.9262876486274554e-01,
-9.9604049011267737e-01,-9.9379179008076013e-01,-9.9457396198148218e-01,-9.9015012366979416e-01,
-9.9968614141613688e-01,-9.9907838396080539e-01,-9.9865525173955871e-01,-9.9503672601769766e-01,
-9.8695453021104573e-01,-9.9912644462456335e-01,-9.9855362294585814e-01,-9.8276422008281605e-01,
-9.9298895782713004e-01,-9.8458538144194740e-01,-9.9819401719478840e-01,-9.9457992619928148e-01,
-9.9695405028419870e-01,-9.8424117227414087e-01,-9.8863286245528836e-01,-9.9781867684402736e-01,
-9.9927674252094711e-01,-9.9749756956150504e-01,-9.9977227292928661e-01,-9.8946488938950261e-01,
-9.9634142076235066e-01,-9.8640499515865265e-01,-9.9727629519581862e-01,-9.8914780756562359e-01,
-9.9809132873813533e-01,-9.9845076821076917e-01,-9.9961525337225654e-01,-9.9589361348834815e-01,
-9.9961509682641536e-01,-9.9735374169524338e-01,-9.9595250126251245e-01,-9.8912295496092284e-01,
-9.9973262517145700e-01,-9.9503190013151166e-01,-9.9870049187625698e-01,-9.8728018285593888e-01,
-9.9895924682397963e-01,-9.9952495376520356e-01,-9.9794103639046872e-01,-9.9483197324378259e-01,
-9.9933497624433310e-01,-9.9624023334466771e-01,-9.9911443299500546e-01,-9.9962319681852485e-01,
-9.9876058917428667e-01,-9.8930767475649428e-01,-9.9434607471229519e-01,-9.9272952353055666e-01,
-9.9621822506276658e-01,-9.9917487439052322e-01,-9.9478097590059000e-01,-9.8092841662194452e-01,
-9.9876808283153684e-01,-9.9664655237561262e-01,-9.9928250947232111e-01,-9.9748795068437190e-01,
-9.9861124676429980e-01,-9.6530639205667768e-01,-9.9799455529951986e-01,-9.9852090746906774e-01,
-9.9960111095793214e-01,-9.8675776297685192e-01,-9.9790674300205895e-01,-9.9648405905655624e-01,
-9.9196633705098813e-01,-9.9989282480466479e-01,-9.9606536849113037e-01,-9.9145425174261659e-01,
-9.9419395305047387e-01,-9.9204822918532831e-01,-9.9150701683440479e-01,-9.9920071906008345e-01,
-9.9971094567220065e-01,-9.9942530144779951e-01,-9.9329645320271320e-01,-9.9816647804963843e-01,
-9.8995039541743590e-01,-9.9449539529405651e-01,-9.9594277023073752e-01,-9.8322625364652905e-01,
-9.9834298571101621e-01,-9.9787496505657280e-01,-9.9749843727496246e-01,-9.9545520757636263e-01,
-9.9443095453612829e-01,-9.9914532583526439e-01,-9.9300790584278220e-01,-9.8258667372054154e-01,
-9.9961114618169478e-01,-9.9888702898093351e-01,-9.9764686172806427e-01,-9.9759428666159677e-01,
-9.9572414514316554e-01,-9.9289136819294255e-01,-9.9896307650004235e-01,-9.9997903297839830e-01,
-9.9881790474668308e-01,-9.9249358352668915e-01,-9.9272417862789697e-01,-9.9978668851894426e-01,
-9.7458555749046083e-01,-9.9975344218352968e-01,-9.9000091755726261e-01,-9.8102960074553325e-01,
-9.9208337654177092e-01,-9.9742034316093542e-01,-9.9541821405337771e-01,-9.8114662378772033e-01,
-9.9915528818116550e-01,-9.9871708936190695e-01,-9.9963456548859708e-01,-9.9780687543181634e-01,
-9.9957517724172273e-01,-9.9145298418406458e-01,-9.9396315267836199e-01,-9.9505036526750579e-01,
-9.9815033808547882e-01,-9.9759091729060223e-01,-9.9524495191717066e-01,-9.9757312345208171e-01,
-9.9811645361401702e-01,-9.9632281847206228e-01,-9.9639310141560511e-01,-9.9513154366626255e-01,
-9.9690798653801349e-01,-9.9627167747649870e-01,-9.9896684050503137e-01,-9.8393006224923918e-01,
-9.9715538053207420e-01,-9.9831801702211775e-01,-9.9237796620299412e-01,-9.9942807611875306e-01,
-9.9833312628171766e-01,-9.9863820598004094e-01,-9.9844581071595329e-01,-9.9057539627645363e-01,
-9.9787561458905283e-01,-9.9961770933114946e-01,-9.9474132914481994e-01,-9.9494578886616691e-01,
-9.9517201979878867e-01,-9.9146335334745295e-01,-9.9954776797375267e-01,-9.9222329934221865e-01,
-9.9248534800442656e-01,-9.9165747352727773e-01,-9.7948040545975057e-01,-9.9951772237591763e-01,
-9.9436040670998382e-01,-9.9908429584308722e-01,-9.9814732637753012e-01,-9.7793001526352641e-01,
-9.9119781461881051e-01,-9.9959598134495242e-01,-9.9212188496335396e-01,-9.9264902850596348e-01,
-9.9468459811578491e-01,-9.9935270400948617e-01,-9.9843445186888624e-01,-9.9707254409795354e-01,
-9.8487135065745646e-01,-9.8776966522794463e-01,-9.9818541651790760e-01,-9.7450656557095372e-01,
-9.9598769390120867e-01,-9.8370276312109417e-01,-9.9579934529224867e-01,-9.8494919597094199e-01,
-9.8034837075013748e-01,-9.9698034845932970e-01,-9.9519822135057989e-01,-9.9619794295990627e-01,
-9.9474809283342303e-01,-9.9597133589068898e-01,-9.9946492004613385e-01,-9.9296114540700309e-01,
-9.9825011660283336e-01,-9.9493727762067519e-01,-9.9272019699099989e-01,-9.9799601702487128e-01,
-9.9644439986350153e-01,-9.9845535331107138e-01,-9.9691811433526867e-01,-9.9454391696651812e-01,
-9.9879647145864880e-01,-9.9699913742862356e-01,-9.9152717878544694e-01,-9.9995151074713995e-01,
-9.9654339770991796e-01,-9.9745651138703262e-01,-9.8638626493540871e-01,-9.9929072725582879e-01,
-9.9175565215703931e-01,-9.9927179695451318e-01,-9.9786787598955362e-01,-9.9669200181070217e-01,
-9.9360543126998901e-01,-9.9704258524938794e-01,-9.9157190434820797e-01,-9.9830604550629221e-01,
-9.9027711323059886e-01,-9.9854135604044736e-01,-9.7991214164308527e-01,-9.9471720745919079e-01,
-9.9822151476762144e-01,-9.9918061059329522e-01,-9.9091930851877608e-01,-9.9874591635854726e-01,
-9.9614456577556121e-01,-9.9962011597614941e-01,-9.9921116490441830e-01,-9.9029060285515902e-01,
-9.9768973600854360e-01,-9.9961883456757039e-01,-9.9854490793532036e-01,-9.8681432162914484e-01,
-9.9387396897624791e-01,-9.8978287627095241e-01,-9.9275651602354542e-01,-9.9913615623323071e-01,
-9.9883345787359457e-01,-9.9123308756574280e-01,-9.9516050212976725e-01,-9.9475421180980383e-01,

180,4
9.9808103093054723e-01,9.8565313545703570e-01,9.9953823672108966e-01,9.8964374097483154e-01,
9.9761283436359438e-01,9.9701978985260808e-01,9.9746726859330148e-01,9.9984483641459998e-01,
9.9102391635793152e-01,9.9939328441698105e-01,9.9678079383848628e-01,9.9494205866857466e-01,
9.9197782864254647e-01,9.9359664308966633e-01,9.9849798466176010e-01,9.8307131957802008e-01,
9.9996902698091272e-01,9.9890241655385004e-01,9.9545459974108619e-01,9.9603708280891090e-01,
9.9372541632273870e-01,9.9738411507826830e-01,9.8672427817465791e-01,9.9726903539788192e-01,
9.9888836692418814e-01,9.9878408986994405e-01,9.9952624916131971e-01,9.9977722890600162e-01,
9.8505764279189423e-01,9.9415608073878814e-01,9.8971017221170166e-01,9.9896910346647627e-01,
9.9897233999496371e-01,9.9823065274523981e-01,9.9983984539316229e-01,9.8777447263031193e-01,
9.9480797603937821e-01,9.9952226624048857e-01,9.9771123877102474e-01,9.9883459675126374e-01,
9.9391930083659719e-01,9.9894203509550161e-01,9.9710537790154730e-01,9.9534999154099579e-01,
9.9705297946467475e-01,9.9733263152581642e-01,9.9767469361606720e-01,9.9944122857504314e-01,
9.8798160145977976e-01,9.9067395813809656e-01,9.9910079374911764e-01,9.9042480721374759e-01,
9.9736033692868098e-01,9.9803584065512396e-01,9.9858919649627298e-01,9.9301739800058697e-01,
9.9995092774896532e-01,9.9669415744486733e-01,9.8884015028510963e-01,9.8869229618006460e-01,
9.9957775361338896e-01,9.9499511309942013e-01,9.9575650578392283e-01,9.9835168191532309e-01,
9.9514089183961785e-01,9.8872246215243620e-01,9.9706295012451962e-01,9.7993130877590517e-01,
9.9859412766503453e-01,9.9771622395203141e-01,9.9637545391803783e-01,9.9785723075708077e-01,
9.9884255388538734e-01,9.9914897998388641e-01,9.8739063802055371e-01,9.9861134827871356e-01,
9.9778446255619180e-01,9.9094956460073291e-01,9.9913955059062820e-01,9.8996002734153610e-01,
9.8383483319049647e-01,9.8858289402190680e-01,9.9360000516989211e-01,9.9894730699779233e-01,
9.8953171443395416e-01,9.9893353507157667e-01,9.9753815033027182e-01,9.8656670698388838e-01,
9.8456368875392886e-01,9.9997092480664196e-01,9.9691062516336504e-01,9.9675733468534800e-01,
9.9966341252268465e-01,9.9918707694563502e-01,9.9276747922168584e-01,9.9798339173521922e-01,
9.9474878533552813e-01,9.9914452951977473e-01,9.9323506478672474e-01,9.9882664511069952e-01,
9.9848077643921695e-01,9.9969142081693851e-01,9.9709080375551307e-01,9.8867579153716334e-01,
9.9895630034326710e-01,9.8839922553857029e-01,9.9903639465690519e-01,9.9956881780308549e-01,
9.9982528820553029e-01,9.9590274487184383e-01,9.9594983530839243e-01,9.9035679329903381e-01,
9.9973054429331265e-01,9.9992558652711061e-01,9.9945567997564888e-01,9.9841304938613962e-01,
9.9314547594054936e-01,9.9431866379401423e-01,9.9970829276095041e-01,9.9665628250560112e-01,
9.9883364240268513e-01,9.9977073574479625e-01,9.8211774200694912e-01,9.9903494334454268e-01,
9.8863635757382196e-01,9.9943694196411914e-01,9.9883529370297586e-01,9.9214151578863508e-01,
9.9863082029486328e-01,9.9948633412953414e-01,9.9961189777438664e-01,9.9316344363127596e-01,
9.9903365864281946e-01,9.7714711358308248e-01,9.9803075250945739e-01,9.9426206160887265e-01,
9.9369580244138711e-01,9.8732936910292524e-01,9.9857870664402193e-01,9.9956326555471020e-01,
9.9837030314093966e-01,9.7936507887577995e-01,9.9586971019267367e-01,9.9952760024699305e-01,
9.9649095579060720e-01,9.9857366421826232e-01,9.9747005985900117e-01,9.9434200495194558e-01,
9.9900786281822129e-01,9.9685457902778429e-01,9.9104274470810139e-01,9.9309984428702869e-01,
9.9984893225591187e-01,9.9597829584443076e-01,9.9712151715925645e-01,9.9674324269182124e-01,
9.9857369659526207e-01,9.9686186439063196e-01,9.9848666448069179e-01,9.9090647790158948e-01,
9.9956947897011394e-01,9.9447844746292313e-01,9.9706622934334721e-01,9.7956620038486775e-01,
9.9924269012306688e-01,9.9497136025252386e-01,9.9681215407775348e-01,9.9562451602425939e-01,
9.9672297551668154e-01,9.9268997589206420e-01,9.9879458528642040e-01,9.9929444896901920e-01,
9.9923725957447074e-01,9.9795517681154555e-01,9.9850205898943933e-01,9.9973263519054156e-01,
9.9443231877671012e-01,9.9989765858972857e-01,9.9888909362351197e-01,9.9881928683718835e-01,
9.9780794699434372e-01,9.9968967534593545e-01,9.9708886610587721e-01,9.9728495225000069e-01,
9.9958487167015742e-01,9.9803143943823369e-01,9.9010918693805494e-01,9.9348871814175932e-01,
9.9930995364177755e-01,9.9714766864027227e-01,9.9637925562989338e-01,9.9970562704905519e-01,
9.9985314962734129e-01,9.8406469451221801e-01,9.9790656287810919e-01,9.9877386674336432e-01,
9.9320502091929219e-01,9.9680526204238329e-01,9.9955710702200351e-01,9.9677714929759165e-01,
9.9862088293113316e-01,9.9679851100544647e-01,9.9503354321642767e-01,9.9464574328620770e-01,
9.9773369737419815e-01,9.9975740868840002e-01,9.9733416779977446e-01,9.9976456723938378e-01,
9.9290396476886200e-01,9.9591888718477017e-01,9.9881553696557512e-01,9.9899237720429124e-01,
9.9214409954994420e-01,9.9213551144469680e-01,9.9893377657908755e-01,9.9645511195109560e-01,
9.9065971520083540e-01,9.9979203777976755e-01,9.7706795934465318e-01,9.9418638886482813e-01,
9.9338231912907293e-01,9.9793478572110161e-01,9.9676372306230832e-01,9.9351023941138528e-01,
9.9986454499147337e-01,9.9989651107555422e-01,9.9613215133968036e-01,9.9666112794351425e-01,
9.9901286806426826e-01,9.8947086199327017e-01,9.9688191798124359e-01,9.9467583932201298e-01,
9.8955384261233936e-01,9.9518813245396198e-01,9.9122229145890350e-01,9.9761089135959846e-01,
9.9678841475190283e-01,9.9193916959996509e-01,9.9811839544368075e-01,9.9021279184095268e-01,
9.9459468774447757e-01,9.9945436715488989e-01,9.9828201266657368e-01,9.9044597253785072e-01,
9.9788768103602443e-01,9.9805855631790807e-01,9.9951827709814323e-01,9.9805920174372242e-01,
9.8797200734515456e-01,9.9701970823550723e-01,9.9155161561077598e-01,9.9262165296604721e-01,
9.9287214771021048e-01,9.8966048812370966e-01,9.9987008204675853e-01,9.9389976875698771e-01,
9.9563597216049038e-01,9.8212919646043551e-01,9.9850533519410001e-01,9.9729593529920657e-01,
9.9816226467327640e-01,9.9900876465664301e-01,9.9749820834306724e-01,9.9958003919388161e-01,
9.9925650701454449e-01,9.9750411732549016e-01,9.9989730277576228e-01,9.9731641967147189e-01,
9.9744927384303161e-01,9.8876036859577954e-01,9.9508236665671879e-01,9.9506887202139516e-01,
9.9494427982430755e-01,9.9945228570544908e-01,9.9666377761331759e-01,9.9943495677062799e-01,
9.9040502732040636e-01,9.9160368866155113e-01,9.9216071401597206e-01,9.9963310415528772e-01,
9.9860729303604856e-01,9.9065883719462700e-01,9.9369633628023313e-01,9.9885936461797842e-01,
9.9373111169973027e-01,9.9965768329372051e-01,9.9606116174825932e-01,9.9777093439347198e-01,
9.9291786660051851e-01,9.8089286363353656e-01,9.9782169392887998e-01,9.8002899046387215e-01,
9.9903878852285155e-01,9.9355495400198302e-01,9.9541830782176399e-01,9.9860408558345326e-01,
9.9753652889066147e-01,9.9913761060035844e-01,9.9359191321520335e-01,9.8837068224382518e-01,
9.9206699895954209e-01,9.8653827654361481e-01,9.9829603716046811e-01,9.9686607357675161e-01,
9.9357490486400790e-01,9.9815780822940203e-01,9.9983362554468713e-01,9.9580283368304601e-01,
9.9505608708655924e-01,9.9854319334571318e-01,9.8708640105789236e-01,9.9898533971556480e-01,
9.9446911748848854e-01,9.9949445574915452e-01,9.9614750014738673e-01,9.9741156583758661e-01,
9.9303215987167359e-01,9.9654988512065845e-01,9.9709228454818732e-01,9.9113588915949213e-01,
9.9345630666462603e-01,9.9759985379111482e-01,9.9621970853167152e-01,9.9600116129676208e-01,
9.9271897162884692e-01,9.9668411701660387e-01,9.9679897576928056e-01,9.9725759063233355e-01,
9.9074658365482349e-01,9.9895283855812655e-01,9.9889596031613270e-01,9.9797026654343957e-01,
9.7981533145569522e-01,9.9817589877542900e-01,9.9880591685733378e-01,9.8898458393510325e-01,
9.9698145846492836e-01,9.9386870101467828e-01,9.9258089507804703e-01,9.9861600171118736e-01,
9.9869240330199593e-01,9.9914532116273369e-01,9.9863415028241853e-01,9.9914522038902409e-01,
9.9939082935856538e-01,9.9890213260215743e-01,9.9875682484097039e-01,9.9901190130634121e-01,
9.9908437741244138e-01,9.9990167896030857e-01,9.9487510156327863e-01,9.9899635191570835e-01,
9.9083141999426938e-01,9.9619830454691072e-01,9.9927535577891669e-01,9.9925636356409497e-01,
9.9501752705198432e-01,9.9720013365927440e-01,9.9823591907008935e-01,9.9327046034066435e-01,
9.7521450435640822e-01,9.9819194946628143e-01,9.9359595534451572e-01,9.9774459662666048e-01,
9.9929484858461759e-01,9.9707656638749742e-01,9.9364585058586430e-01,9.8616452656168541e-01,
9.9702872259254294e-01,9.8846523930812347e-01,9.9299372818441345e-01,9.9822988101086252e-01,
9.9975720265197410e-01,9.9285463192516654e-01,9.9587997746795898e-01,9.9558004505550945e-01,
9.9859859663335682e-01,9.9999530080763099e-01,9.9526974459121531e-01,9.7333538891800830e-01,
9.9301208252764894e-01,9.9608291868026133e-01,9.9348100583910592e-01,9.8762766572760330e-01,
9.9674377007333836e-01,9.9659942301619386e-01,9.9305685856147896e-01,9.9982119317850304e-01,
9.9234547117358463e-01,9.9175404895735042e-01,9.9358850265945819e-01,9.9662315710699012e-01,
9.9777195455923229e-01,9.9024201587509153e-01,9.9739050033152532e-01,9.9988286757945599e-01,
9.9701652215426639e-01,9.9790055216528750e-01,9.9687719850454570e-01,9.9928796787540364e-01,
9.9847582289752190e-01,9.9973175335761044e-01,9.9991318973364729e-01,9.9911836791666775e-01,
9.9157387887694082e-01,9.9661796028893002e-01,9.9686614219053138e-01,9.9989276130176075e-01,
9.9436717190434099e-01,9.8895955212682574e-01,9.9970139384919077e-01,9.9614627899087904e-01,
9.7957982475780492e-01,9.9824908914503663e-01,9.9847906558766852e-01,9.9788305495834062e-01,
9.9505369864604098e-01,9.9543715884081863e-01,9.9951930512029397e-01,9.9826427542536944e-01,
9.9631575124691829e-01,9.9975193759665015e-01,9.9770402283624882e-01,9.9820287639369676e-01,
9.9729041994257006e-01,9.9844391736284099e-01,9.9638942394880048e-01,9.9745791540846618e-01,
9.9894839546874303e-01,9.9765806706734939e-01,9.8769750781690435e-01,9.9869584008955914e-01,
9.9604291209926488e-01,9.9752042868778523e-01,9.9971421079160461e-01,9.9868110983921143e-01,
9.8513073800566664e-01,9.9708452020388738e-01,9.9017475602441252e-01,9.9329005886163824e-01,
9.9945759800524425e-01,9.8532721515322619e-01,9.9978042160780878e-01,9.9896097403501116e-01,
9.9711403510590046e-01,9.9111175440369048e-01,9.9644321771543032e-01,9.9776961230710648e-01,
9.9716845435544710e-01,9.9796029353657434e-01,9.9048826951817159e-01,9.9713120339143790e-01,
9.9610018772293762e-01,9.9200789778660892e-01,9.9967513929549812e-01,9.9530862676669862e-01,
9.9720828838526998e-01,9.9923207784801971e-01,9.9844319017046623e-01,9.9836730569903009e-01,
9.9162567090656939e-01,9.9349344708060916e-01,9.9866944055931239e-01,9.8048893943058557e-01,
9.9313757709145389e-01,9.9524138959645181e-01,9.8580651062303626e-01,9.9776031604213000e-01,
9.9999479014561987e-01,9.9243876578804802e-01,9.9766959731017613e-01,9.9966622846877184e-01,
9.9354717981634466e-01,9.8193101031459418e-01,9.8745225686504323e-01,9.8692500839830255e-01,
9.9778037355558391e-01,9.9954224106646206e-01,9.9640838968333112e-01,9.9827917710285474e-01,
9.8934447788731505e-01,9.9760865563892032e-01,9.9899336358601309e-01,9.9496454699507142e-01,
9.9199523518939992e-01,9.9837448362495596e-01,9.9373979665404488e-01,9.9947587587368059e-01,
9.9054376394317378e-01,9.9921277931494323e-01,9.9669521744853884e-01,9.9956713961622401e-01,
9.9708994177452115e-01,9.9978116391307048e-01,9.9807756571383544e-01,9.9813115126358087e-01,
9.8959485652820889e-01,9.9848783856071677e-01,9.9729964128637061e-01,9.9605586910690036e-01,
9.9459689827761699e-01,9.8335600173262416e-01,9.9955439474855989e-01,9.9915422411230370e-01,
9.8828791246962111e-01,9.9273113039146987e-01,9.9820859982670340e-01,9.8510748333894904e-01,
9.9509570879342690e-01,9.9396230009495312e-01,9.9747248904105912e-01,9.9988768216012724e-01,
9.9393713954955532e-01,9.9744988166161375e-01,9.9651288258115733e-01,9.9468386923761343e-01,
9.9672781380801312e-01,9.9890608454436824e-01,9.8897002870885831e-01,9.9905664976443287e-01,
9.9804795080792119e-01,9.9766524315435623e-01,9.9523380368189018e-01,9.9425894217007271e-01,
9.9773841299360777e-01,9.9966966014619096e-01,9.9370331478244700e-01,9.8687198010727162e-01,
9.9487748010885890e-01,9.8328292544366658e-01,9.9297396981743158e-01,9.9794508561901663e-01,
9.9548098039107424e-01,9.9870700432232029e-01,9.9186248195243931e-01,9.9538524299329012e-01,
9.9942761479839537e-01,9.9893249787583449e-01,9.9908783235677534e-01,9.9252457265232419e-01,
9.9305599422581636e-01,9.9618142847617164e-01,9.9765822906042123e-01,9.9405655305070328e-01,
9.9164118729108708e-01,9.9568889748100053e-01,9.9736494619633720e-01,9.9156751092583217e-01,
9.9531977249095061e-01,9.9556570673949141e-01,9.8974465196480521e-01,9.9367217013276665e-01,
9.9545623316615250e-01,9.9010357115115033e-01,9.9951373402409782e-01,9.9570990145539073e-01,
9.9235994580028541e-01,9.8634459879488956e-01,9.9992763057934031e-01,9.9576091295417757e-01,
9.9082542096948023e-01,9.9963617617498857e-01,9.9631822344367271e-01,9.9145362352409294e-01,
9.9570959637796430e-01,9.9720738633598649e-01,9.9848039955827872e-01,9.9997246770858705e-01,
9.8761707451441816e-01,9.9606581880419753e-01,9.9871360174922974e-01,9.9809635065058600e-01,
9.9611546381879013e-01,9.8239530936857955e-01,9.9802382364415676e-01,9.9169096651308797e-01,
9.9885798869804376e-01,9.9807471420362304e-01,9.9322693974402099e-01,9.9319042640801269e-01,
9.7920769540030927e-01,9.8697252876272845e-01,9.9602941419059809e-01,9.9908405475862083e-01,
9.9572807716407863e-01,9.9749417337472468e-01,9.8248925956026900e-01,9.9900310850950080e-01,
9.9500171612025357e-01,9.9802445955395269e-01,9.9685306596984580e-01,9.9586062767077843e-01,
9.8626790683430743e-01,9.9467598548760194e-01,9.9514201975781913e-01,9.9932296893179218e-01,
9.9757574681847494e-01,9.9985414010181661e-01,9.9775744550215228e-01,9.9660620740967776e-01,
9.9941106628376986e-01,9.9481566371445651e-01,9.9914191831784294e-01,9.9868787059559461e-01,
9.9026605299884518e-01,9.9560535673814154e-01,9.8993819719948672e-01,9.9212204163480355e-01,
9.9929982060566780e-01,9.9309467592560097e-01,9.9686254920617001e-01,9.9743725849579756e-01,
9.9488699229181132e-01,9.9649045050361940e-01,9.9934666268068550e-01,9.9859001924379687e-01,
9.9687569348089000e-01,9.9370744753139406e-01,9.9903260429659868e-01,9.9902758188421581e-01,
9.9884692581482870e-01,9.9060249152358582e-01,9.9774738844583633e-01,9.9451526586699379e-01,
9.9506585031387162e-01,9.7989286872673631e-01,9.9952794352962093e-01,9.9810396216332253e-01,
9.9205423287620986e-01,9.8694392950864818e-01,9.9294565556642134e-01,9.9231788111440244e-01,
9.9599211818733679e-01,9.9187477486107900e-01,9.9835873271665365e-01,9.9671481243059645e-01,
9.9651993313262732e-01,9.9724234339128026e-01,9.9373610903717990e-01,9.8050023342227854e-01,
9.9876440315624482e-01,9.9997193858533273e-01,9.9218398381113393e-01,9.8970035276886015e-01,
9.9111268140295494e-01,9.9813863874087039e-01,9.9935014139704714e-01,9.8978490590612123e-01,
9.9152496493435516e-01,9.9920810110680458e-01,9.9776344975291642e-01,9.9028229313208227e-01,
9.9978505636487514e-01,9.9650888103554558e-01,9.9523884347483760e-01,9.9887183629550824e-01,
9.9628299316727253e-01,9.9932009467861138e-01,9.9166081860772004e-01,9.9864009866180536e-01,
9.9135239230591399e-01,9.9745407226381944e-01,9.9973094493892845e-01,9.7153929109835491e-01,
9.9630699763093067e-01,9.9565036212509317e-01,9.9966022521229059e-01,9.9194936733358663e-01,
9.9561427190433971e-01,9.9704673907658248e-01,9.9010416863555384e-01,9.9065933196501543e-01,
9.9933922471334458e-01,9.9761088948006860e-01,9.9964314804747989e-01,9.9826398179523390e-01,
9.9933147406856970e-01,9.9664118737305318e-01,9.9853314972562357e-01,9.9953934246151221e-01,
9.9974546285192267e-01,9.9970502566260677e-01,9.9912184181729868e-01,9.9054536603830101e-01,
9.9316239545184071e-01,9.8889919620163558e-01,9.9457792245735699e-01,9.9447974448072629e-01,
9.9113415588366949e-01,9.7614468435667590e-01,9.9529982005815021e-01,9.9738962641224216e-01,
9.9702021835568799e-01,9.9994491205100222e-01,9.9530912633550028e-01,9.9955181298588092e-01,
9.9609606986662103e-01,9.9736829153745865e-01,9.9905070141438368e-01,9.9217479583413448e-01,
9.9511317827469958e-01,9.9926054555293486e-01,9.9851079853687619e-01,9.8223886887210132e-01,
9.9895350637507452e-01,9.9007624139739203e-01,9.9598799538293914e-01,9.9051685387447730e-01,
9.9718123286689586e-01,9.9991518728434170e-01,9.9286808954332550e-01,9.9881567350226508e-01,
9.9155675217667905e-01,9.9957510121799498e-01,9.9858618298392576e-01,9.8332972468546687e-01,
9.9656172464914872e-01,9.9845636484302647e-01,9.9436695533111008e-01,9.9152693503566858e-01,

