1
1
4
0
(90 0
((0,0,0) (6,6,7) (0,0,0))
((14,0,0) (20,6,7) (0,0,0))
((7,0,0) (13,6,7) (0,0,0))
((0,14,0) (6,20,7) (0,0,0))
((0,7,0) (6,13,7) (0,0,0))
((14,14,0) (20,20,7) (0,0,0))
((14,7,0) (20,13,7) (0,0,0))
((7,14,0) (13,20,7) (0,0,0))
((7,7,0) (13,13,7) (0,0,0))
((0,0,72) (6,6,79) (0,0,0))
((0,0,64) (6,6,71) (0,0,0))
((0,0,56) (6,6,63) (0,0,0))
((0,0,48) (6,6,55) (0,0,0))
((0,0,40) (6,6,47) (0,0,0))
((0,0,32) (6,6,39) (0,0,0))
((0,0,24) (6,6,31) (0,0,0))
((0,0,16) (6,6,23) (0,0,0))
((0,0,8) (6,6,15) (0,0,0))
((14,0,72) (20,6,79) (0,0,0))
((14,0,64) (20,6,71) (0,0,0))
((14,0,56) (20,6,63) (0,0,0))
((14,0,48) (20,6,55) (0,0,0))
((14,0,40) (20,6,47) (0,0,0))
((14,0,32) (20,6,39) (0,0,0))
((14,0,24) (20,6,31) (0,0,0))
((14,0,16) (20,6,23) (0,0,0))
((14,0,8) (20,6,15) (0,0,0))
((7,0,72) (13,6,79) (0,0,0))
((7,0,64) (13,6,71) (0,0,0))
((7,0,56) (13,6,63) (0,0,0))
((7,0,48) (13,6,55) (0,0,0))
((7,0,40) (13,6,47) (0,0,0))
((7,0,32) (13,6,39) (0,0,0))
((7,0,24) (13,6,31) (0,0,0))
((7,0,16) (13,6,23) (0,0,0))
((7,0,8) (13,6,15) (0,0,0))
((0,14,72) (6,20,79) (0,0,0))
((0,14,64) (6,20,71) (0,0,0))
((0,14,56) (6,20,63) (0,0,0))
((0,14,48) (6,20,55) (0,0,0))
((0,14,40) (6,20,47) (0,0,0))
((0,14,32) (6,20,39) (0,0,0))
((0,14,24) (6,20,31) (0,0,0))
((0,14,16) (6,20,23) (0,0,0))
((0,14,8) (6,20,15) (0,0,0))
((0,7,72) (6,13,79) (0,0,0))
((0,7,64) (6,13,71) (0,0,0))
((0,7,56) (6,13,63) (0,0,0))
((0,7,48) (6,13,55) (0,0,0))
((0,7,40) (6,13,47) (0,0,0))
((0,7,32) (6,13,39) (0,0,0))
((0,7,24) (6,13,31) (0,0,0))
((0,7,16) (6,13,23) (0,0,0))
((0,7,8) (6,13,15) (0,0,0))
((14,14,72) (20,20,79) (0,0,0))
((14,14,64) (20,20,71) (0,0,0))
((14,14,56) (20,20,63) (0,0,0))
((14,14,48) (20,20,55) (0,0,0))
((14,14,40) (20,20,47) (0,0,0))
((14,14,32) (20,20,39) (0,0,0))
((14,14,24) (20,20,31) (0,0,0))
((14,14,16) (20,20,23) (0,0,0))
((14,14,8) (20,20,15) (0,0,0))
((14,7,72) (20,13,79) (0,0,0))
((14,7,64) (20,13,71) (0,0,0))
((14,7,56) (20,13,63) (0,0,0))
((14,7,48) (20,13,55) (0,0,0))
((14,7,40) (20,13,47) (0,0,0))
((14,7,32) (20,13,39) (0,0,0))
((14,7,24) (20,13,31) (0,0,0))
((14,7,16) (20,13,23) (0,0,0))
((14,7,8) (20,13,15) (0,0,0))
((7,14,72) (13,20,79) (0,0,0))
((7,14,64) (13,20,71) (0,0,0))
((7,14,56) (13,20,63) (0,0,0))
((7,14,48) (13,20,55) (0,0,0))
((7,14,40) (13,20,47) (0,0,0))
((7,14,32) (13,20,39) (0,0,0))
((7,14,24) (13,20,31) (0,0,0))
((7,14,16) (13,20,23) (0,0,0))
((7,14,8) (13,20,15) (0,0,0))
((7,7,72) (13,13,79) (0,0,0))
((7,7,64) (13,13,71) (0,0,0))
((7,7,56) (13,13,63) (0,0,0))
((7,7,48) (13,13,55) (0,0,0))
((7,7,40) (13,13,47) (0,0,0))
((7,7,32) (13,13,39) (0,0,0))
((7,7,24) (13,13,31) (0,0,0))
((7,7,16) (13,13,23) (0,0,0))
((7,7,8) (13,13,15) (0,0,0))
)
90
FabOnDisk: Cell_D_00002 0
FabOnDisk: Cell_D_00002 12630
FabOnDisk: Cell_D_00002 25262
FabOnDisk: Cell_D_00002 37893
FabOnDisk: Cell_D_00002 50525
FabOnDisk: Cell_D_00002 63156
FabOnDisk: Cell_D_00002 75790
FabOnDisk: Cell_D_00002 88423
FabOnDisk: Cell_D_00002 101056
FabOnDisk: Cell_D_00001 0
FabOnDisk: Cell_D_00001 12632
FabOnDisk: Cell_D_00003 0
FabOnDisk: Cell_D_00003 12632
FabOnDisk: Cell_D_00003 25264
FabOnDisk: Cell_D_00000 0
FabOnDisk: Cell_D_00000 12632
FabOnDisk: Cell_D_00002 113688
FabOnDisk: Cell_D_00002 126320
FabOnDisk: Cell_D_00001 25264
FabOnDisk: Cell_D_00001 37898
FabOnDisk: Cell_D_00001 50532
FabOnDisk: Cell_D_00003 37896
FabOnDisk: Cell_D_00003 50530
FabOnDisk: Cell_D_00000 25264
FabOnDisk: Cell_D_00000 37898
FabOnDisk: Cell_D_00000 50532
FabOnDisk: Cell_D_00002 138951
FabOnDisk: Cell_D_00001 63166
FabOnDisk: Cell_D_00001 75799
FabOnDisk: Cell_D_00003 63164
FabOnDisk: Cell_D_00003 75797
FabOnDisk: Cell_D_00003 88430
FabOnDisk: Cell_D_00000 63166
FabOnDisk: Cell_D_00000 75799
FabOnDisk: Cell_D_00002 151584
FabOnDisk: Cell_D_00002 164217
FabOnDisk: Cell_D_00001 88432
FabOnDisk: Cell_D_00001 101066
FabOnDisk: Cell_D_00001 113700
FabOnDisk: Cell_D_00003 101063
FabOnDisk: Cell_D_00003 113697
FabOnDisk: Cell_D_00000 88432
FabOnDisk: Cell_D_00000 101066
FabOnDisk: Cell_D_00000 113700
FabOnDisk: Cell_D_00002 176849
FabOnDisk: Cell_D_00001 126334
FabOnDisk: Cell_D_00001 138967
FabOnDisk: Cell_D_00003 126331
FabOnDisk: Cell_D_00003 138964
FabOnDisk: Cell_D_00003 151597
FabOnDisk: Cell_D_00000 126334
FabOnDisk: Cell_D_00000 138967
FabOnDisk: Cell_D_00002 189482
FabOnDisk: Cell_D_00002 202115
FabOnDisk: Cell_D_00001 151600
FabOnDisk: Cell_D_00001 164236
FabOnDisk: Cell_D_00001 176872
FabOnDisk: Cell_D_00003 164230
FabOnDisk: Cell_D_00003 176866
FabOnDisk: Cell_D_00000 151600
FabOnDisk: Cell_D_00000 164236
FabOnDisk: Cell_D_00000 176872
FabOnDisk: Cell_D_00002 214747
FabOnDisk: Cell_D_00001 189508
FabOnDisk: Cell_D_00001 202143
FabOnDisk: Cell_D_00001 214778
FabOnDisk: Cell_D_00003 189502
FabOnDisk: Cell_D_00003 202137
FabOnDisk: Cell_D_00000 189508
FabOnDisk: Cell_D_00000 202143
FabOnDisk: Cell_D_00000 214778
FabOnDisk: Cell_D_00002 227382
FabOnDisk: Cell_D_00001 227413
FabOnDisk: Cell_D_00001 240048
FabOnDisk: Cell_D_00001 252683
FabOnDisk: Cell_D_00003 214772
FabOnDisk: Cell_D_00003 227407
FabOnDisk: Cell_D_00000 227413
FabOnDisk: Cell_D_00000 240048
FabOnDisk: Cell_D_00000 252683
FabOnDisk: Cell_D_00002 240016
FabOnDisk: Cell_D_00001 265318
FabOnDisk: Cell_D_00001 277952
FabOnDisk: Cell_D_00003 240042
FabOnDisk: Cell_D_00003 252676
FabOnDisk: Cell_D_00003 265310
FabOnDisk: Cell_D_00000 265318
FabOnDisk: Cell_D_00000 277952
FabOnDisk: Cell_D_00002 252650
FabOnDisk: Cell_D_00002 265284

90,4
-1.1274604409266249e+00,-9.9749141694238352e-01,-1.1579124437356418e+00,-9.9517485291230190e-01,
-1.0935457914073765e+00,-9.9804863571412306e-01,-1.0692967364518775e+00,-9.9852458685382695e-01,
-1.0986344343357330e+00,-9.9669212696808496e-01,-1.0740100917936273e+00,-9.9655986544244157e-01,
-1.0862253814556131e+00,-9.9428647321025931e-01,-1.0454545845909897e+00,-9.9931817804805978e-01,
-1.0657171744912277e+00,-9.8962159219809509e-01,-1.0836911326440619e+00,-9.9534761810945305e-01,
-1.0756911711984753e+00,-9.9075175543884175e-01,-1.0607916047416173e+00,-9.9125721087025809e-01,
-1.0513625240829951e+00,-9.8761974122471874e-01,-1.1666520968317085e+00,-9.9434685834992231e-01,
-1.0420505184653082e+00,-9.9498567942381677e-01,-1.0280270646644234e+00,-9.9801700736606480e-01,
-1.0922061911133558e+00,-9.9788311654164485e-01,-1.0532012140691438e+00,-9.9148245871293172e-01,
-1.0894379950610065e+00,-9.9563553179598752e-01,-1.0736148901280398e+00,-9.9870985209304486e-01,
-1.0502050269570864e+00,-9.9743468145462022e-01,-1.1088093247453914e+00,-9.7262643698088613e-01,
-1.0643394056552948e+00,-9.9662871030237576e-01,-1.0284655460599363e+00,-9.9549973793791902e-01,
-1.0384600555098975e+00,-9.8742511738870975e-01,-1.1410191624105657e+00,-9.9353679771612002e-01,
-1.0361104087742627e+00,-9.9745499873675869e-01,-1.1331513425638720e+00,-9.9732551174854656e-01,
-1.1450122782375496e+00,-9.9505023816380445e-01,-1.0243304309979564e+00,-9.9100812226861879e-01,
-1.0766854488485942e+00,-9.8964662101603851e-01,-1.0471968163352241e+00,-9.9400163491469296e-01,
-1.0867619135517275e+00,-9.9702531630442226e-01,-9.9478816870957665e-01,-9.9367607949944914e-01,
-1.1443676778012464e+00,-9.9422313645367844e-01,-1.0293996693821148e+00,-9.9587537017373506e-01,
-1.0079668848796854e+00,-9.9036679365632418e-01,-1.0556602776613102e+00,-9.9186325966796629e-01,
-1.0853996728086412e+00,-9.9910715796342886e-01,-1.0697383762298991e+00,-9.8406817381630840e-01,
-1.1175819048859996e+00,-9.9056865216013346e-01,-1.0816390946097834e+00,-9.9064015708432018e-01,
-1.0417641374012010e+00,-9.9317922716722318e-01,-1.0310040236252809e+00,-9.9771249257413175e-01,
-1.0543616652283165e+00,-9.7884522229254634e-01,-1.1090375930696750e+00,-9.9702131341485145e-01,
-1.0819995382426240e+00,-9.8017174243720573e-01,-1.0801473335236884e+00,-9.9569027412749078e-01,
-1.0623114274116456e+00,-9.9699210380159220e-01,-1.1480017609161133e+00,-9.9648835903073330e-01,
-1.1380923207709199e+00,-9.9607600923165451e-01,-1.0787603681530291e+00,-9.9049585230516535e-01,
-1.0659179957225602e+00,-9.9865628772527115e-01,-1.0574509508132437e+00,-9.9739333851654599e-01,
-1.0005252194649406e+00,-9.8726039120534337e-01,-1.2191662128448491e+00,-9.9201369741134360e-01,
-1.1238869520535528e+00,-9.8367792934025566e-01,-1.0678902980030067e+00,-9.9894145545915780e-01,
-1.1070040550435269e+00,-9.9719687402315327e-01,-1.1082724008561824e+00,-9.9098118524469569e-01,
-1.0061815406920438e+00,-9.8521419319117320e-01,-1.0542083160002100e+00,-9.9654944470161011e-01,
-1.0670668106460020e+00,-9.9517534897306004e-01,-1.1381518442726306e+00,-9.9248955303674669e-01,
-1.0305514800164104e+00,-9.8611182007944509e-01,-1.1018898674175313e+00,-9.9199729734255948e-01,
-1.0602017005058684e+00,-9.9460568571764596e-01,-1.1221081228671430e+00,-9.9633322705456084e-01,
-1.0672222272564127e+00,-9.9268246777071645e-01,-1.0632513989166434e+00,-9.8929195529807079e-01,
-1.0672926008687600e+00,-9.9572443137588873e-01,-1.0465967598052954e+00,-9.9707294398780166e-01,
-1.1047736554823915e+00,-9.9066441664051397e-01,-1.0592724365971296e+00,-9.9655922608692848e-01,
-1.0568457116770518e+00,-9.9619787927815728e-01,-1.0896467845621891e+00,-9.8401713699584592e-01,
-1.0779853219256530e+00,-9.9313354083059180e-01,-1.0671790713029883e+00,-9.9719035621644903e-01,
-1.0719874547633563e+00,-9.7145439466100703e-01,-1.0698578797915013e+00,-9.8854558376281032e-01,
-1.0879855503010867e+00,-9.9329935045608009e-01,-1.0644315562877849e+00,-9.8821855106158540e-01,
-1.0776351213426334e+00,-9.9550304721511018e-01,-1.0853702844182014e+00,-9.8611511159705212e-01,
-1.0594255247006863e+00,-9.9697191336846125e-01,-1.0300889934154620e+00,-9.9687781108151996e-01,
-1.0834437272416721e+00,-9.9148605527941758e-01,-1.1076480418035326e+00,-9.9772464677604245e-01,
-1.0745887272962553e+00,-9.8646070966115484e-01,-1.0794059650639538e+00,-9.9195790883086787e-01,
-1.0440314877446939e+00,-9.9295010785356008e-01,-1.0610921058820386e+00,-9.9252777046245833e-01,
-1.0745362270333596e+00,-9.8800045302791040e-01,-1.1173640976350738e+00,-9.8149950088100479e-01,
-1.0618896051272875e+00,-9.9660913372141080e-01,-1.0865095991999003e+00,-9.8823097923068504e-01,
-1.0793348742813380e+00,-9.9224916647013983e-01,-1.0524819156411378e+00,-9.9616615219116567e-01,
-1.0453254123176345e+00,-9.9777535975002685e-01,-1.0580774219319369e+00,-9.8984510697063932e-01,
-1.0582174930747068e+00,-9.9537897974887235e-01,-1.1001517598675599e+00,-9.9364582016695446e-01,
-1.0413249264048281e+00,-9.9495312820507598e-01,-1.0634959922319884e+00,-9.9632336812439293e-01,
-1.0487020999468739e+00,-9.9400727570926883e-01,-1.0902996695553693e+00,-9.8855752016037868e-01,
-1.1187054241348970e+00,-9.9353587842342539e-01,-1.0792116033944827e+00,-9.9252939398924767e-01,
-1.1389896311063905e+00,-9.9543829002479378e-01,-1.0954801322186114e+00,-9.8959240680912708e-01,
-1.1459996543815798e+00,-9.9733595689280363e-01,-1.0286677751251305e+00,-9.9121309994192464e-01,
-1.1527639122338105e+00,-9.8472681203630097e-01,-1.0888316715985720e+00,-9.9809525590922066e-01,
-1.1001192999184024e+00,-9.9026662421077372e-01,-1.1254199622603416e+00,-9.9681292194741800e-01,
-1.0277515282271112e+00,-9.9063205379991826e-01,-1.0544141194916830e+00,-9.8817607341638525e-01,
-1.0584367561558443e+00,-9.9875480349298484e-01,-1.0534293415399691e+00,-9.9235966092901950e-01,
-1.1393136314940346e+00,-9.9589496590643400e-01,-1.0476029935682998e+00,-9.9574032223398834e-01,
-1.0177006464150800e+00,-9.8665777699674273e-01,-1.1024388030879499e+00,-9.9430922393773802e-01,
-1.0931168311607393e+00,-9.9575250397512283e-01,-1.0880214636091214e+00,-9.8797107834888676e-01,
-1.0160335279730328e+00,-9.9780298087577290e-01,-1.0410678475329984e+00,-9.9239868858119573e-01,
-1.0458170107423412e+00,-9.9471541459499735e-01,-1.0548386330840391e+00,-9.9826722744900787e-01,
-1.0319623986359654e+00,-9.9889001760549312e-01,-1.0677477353506548e+00,-9.7922892556576002e-01,
-1.0796152812822044e+00,-9.9171751499315675e-01,-1.0413519055084202e+00,-9.8748453945792602e-01,
-1.0832501946318160e+00,-9.9610224132813696e-01,-1.0936592051765570e+00,-9.9176970878278536e-01,
-1.0551651191411642e+00,-9.7886941242252445e-01,-1.0391350687821230e+00,-9.9541751136556533e-01,
-1.0594271994825957e+00,-9.9838983681374449e-01,-1.1028830436916919e+00,-9.9808967053459652e-01,
-1.0465698593604851e+00,-9.6327483269832470e-01,-1.0854350085335702e+00,-9.9661774979600604e-01,
-1.0614757431282313e+00,-9.9134130602822501e-01,-1.0766903675880253e+00,-9.9635547259502411e-01,
-1.0603560928391025e+00,-9.8774439979211892e-01,-1.1045199903309368e+00,-9.9179510203068511e-01,
-1.0414224923491615e+00,-9.9051393418189182e-01,-1.1031596866005042e+00,-9.9558445739435697e-01,
-1.1143314531452624e+00,-9.9611048936562474e-01,-1.1440406666702252e+00,-9.8052402395917326e-01,
-1.0449097478897262e+00,-9.8286293267537950e-01,-1.0518214509437886e+00,-9.9287119243542876e-01,
-1.1220691411529347e+00,-9.9615438500936093e-01,-1.0532678924331964e+00,-9.9800535750399710e-01,
-1.0483072222664105e+00,-9.9690748281513464e-01,-1.0354835432806322e+00,-9.8977283081322365e-01,
-1.0288674857109654e+00,-9.9702691819049660e-01,-1.0752241026633667e+00,-9.9592964981684318e-01,
-1.0830207618863736e+00,-9.9832539654808106e-01,-1.0837363007781347e+00,-9.9202747493569710e-01,
-1.0732407903752421e+00,-9.8777582623783589e-01,-1.0380743010542770e+00,-9.7891038756117599e-01,
-1.0310542526725559e+00,-9.9631706145270615e-01,-1.0694910761093992e+00,-9.9498337572043971e-01,
-1.0603769168640744e+00,-9.9456953034420359e-01,-1.0591383205430924e+00,-9.9669912541407057e-01,
-1.1250778578749281e+00,-9.9562075011034001e-01,-1.0428280562184828e+00,-9.9533521320469553e-01,
-1.1548713110540691e+00,-9.9511237612681824e-01,-1.1145508316921178e+00,-9.7497531723250086e-01,
-1.0762375895242919e+00,-9.9227752329544938e-01,-1.0449169685736559e+00,-9.9293204159545911e-01,
-1.0646289603659427e+00,-9.9006306595568971e-01,-1.1598165388145161e+00,-9.9705346309111498e-01,
-1.0487932034997867e+00,-9.9709390188245339e-01,-1.0838478333032993e+00,-9.8654553599123873e-01,
-1.0332764810387236e+00,-9.9590330446497222e-01,-1.0986338337074004e+00,-9.9314580428477228e-01,
-1.0733925039759871e+00,-9.8628965585703066e-01,-1.0872322216584061e+00,-9.9620784903189508e-01,

90,4
1.0481182115818302e+00,9.9428803620764672e-01,1.0988413002273338e+00,9.8622449099325460e-01,
1.1046892620905009e+00,9.9791405332251881e-01,1.0686944445886233e+00,9.9469593758744113e-01,
1.0562594385918020e+00,9.8780868733762195e-01,1.1140853073002537e+00,9.9696304304635230e-01,
1.1048647284171824e+00,9.8388465546015003e-01,1.0569502324220899e+00,9.9867249763369026e-01,
1.1382292924863655e+00,9.9481600311141694e-01,1.0747383765574263e+00,9.9812814080367163e-01,
1.0778884108527773e+00,9.9459454053982543e-01,1.1418250245922039e+00,9.9676068294015452e-01,
1.0719728755040230e+00,9.9767528896207436e-01,1.0117001292428349e+00,9.9281420524981223e-01,
1.1126554854329200e+00,9.9844978745897939e-01,1.0239268392183638e+00,9.9488331918949091e-01,
1.0903574249832799e+00,9.9660344967873282e-01,1.0698112940684312e+00,9.6338113557335259e-01,
1.0676332627790739e+00,9.8827979464167015e-01,1.0954886642639561e+00,9.8778696512509623e-01,
1.0562802807665004e+00,9.8435291079105980e-01,1.0061694210010836e+00,9.9709513669354133e-01,
1.0197162861108120e+00,9.9877431182588483e-01,1.0305078308631201e+00,9.9678956851559375e-01,
1.0581787227457065e+00,9.9888991525643334e-01,1.0413494186201235e+00,9.9518988546727249e-01,
1.0383511932759608e+00,9.9447856379628929e-01,1.1468187126597706e+00,9.9188482741773276e-01,
1.0984989762771300e+00,9.8305419129375360e-01,1.0818291597241552e+00,9.8601394097332695e-01,
1.0475772201934102e+00,9.9477373939390590e-01,1.1155834591587199e+00,9.9125177109321427e-01,
1.0837750365462482e+00,9.9780390358148752e-01,1.1111963328180969e+00,9.8807668865760023e-01,
1.0378210740065916e+00,9.6796862857188337e-01,1.0704990010823487e+00,9.7748938736917412e-01,
1.0978791698739410e+00,9.9994099559663863e-01,1.0969246976784810e+00,9.9679276390593885e-01,
1.0918978915145190e+00,9.9448023051861456e-01,1.0205246643213006e+00,9.8733076466631120e-01,
1.0454201431381946e+00,9.8751560200036803e-01,1.0592450728020104e+00,9.9760888204454667e-01,
1.0643936496272439e+00,9.9368612935834189e-01,1.0554482417273092e+00,9.9330852861024632e-01,
1.0644774932112893e+00,9.9630131074247696e-01,1.1261991712418036e+00,9.9804691555471914e-01,
1.0604640535932075e+00,9.9626621821333283e-01,1.0849217406970306e+00,9.9434241156940817e-01,
1.0591647341076647e+00,9.9788793442905621e-01,1.0542710767039143e+00,9.9826080806332340e-01,
1.1394361137860454e+00,9.9698767972259583e-01,1.0874362746514341e+00,9.9753021960756005e-01,
1.0884089390271967e+00,9.9464363462066341e-01,1.1307758401749446e+00,9.9621315681143530e-01,
1.0990455862851511e+00,9.8911581035624252e-01,1.1134126876646062e+00,9.9263612392685485e-01,
1.0739340991118329e+00,9.8742496452995121e-01,1.0629458247832793e+00,9.8911937981454745e-01,
1.0653354632623444e+00,9.9770815782659361e-01,1.0542151431401605e+00,9.7037879766703894e-01,
1.0500102779994334e+00,9.9551788448425682e-01,1.0368966975759975e+00,9.9632573539711577e-01,
1.0883383966394840e+00,9.9420865255822100e-01,1.0167564084315788e+00,9.7215575748650129e-01,
1.0856402808268377e+00,9.9749982507142210e-01,1.0856337116234154e+00,9.8567036632471761e-01,
1.0823047942414805e+00,9.9395217251400869e-01,1.1272618220078043e+00,9.8772615067518976e-01,
1.0832199606939148e+00,9.9779100479185878e-01,1.0620229382261914e+00,9.7177867624757508e-01,
1.0637181309712631e+00,9.8994098384081830e-01,1.1208305110204055e+00,9.9605534207588986e-01,
1.0429910327666898e+00,9.9828396800344854e-01,1.0299593574998382e+00,9.9155544534450912e-01,
1.1437500123285957e+00,9.9598320792079020e-01,1.0596239548446331e+00,9.9289051039668297e-01,
1.1123253553755277e+00,9.9395019229003345e-01,1.1472653827235377e+00,9.8910245385498829e-01,
1.0411785605513304e+00,9.9348479042319726e-01,1.1106197950709646e+00,9.9404729285940252e-01,
1.0984173038043215e+00,9.9115850657818605e-01,1.0413157397178132e+00,9.9629109687367923e-01,
1.0711055919294497e+00,9.9562189360832776e-01,1.0436773055241042e+00,9.9673858017287376e-01,
1.0455099592348389e+00,9.9120497357679571e-01,1.1118274952334994e+00,9.8767441780790133e-01,
1.0895080629697478e+00,9.8796826047252617e-01,1.1046757933576679e+00,9.9115018895517515e-01,
1.0438701680497866e+00,9.9492717658707885e-01,1.0438552694763903e+00,9.9435704030751504e-01,
1.0696716585290147e+00,9.9285216534923015e-01,1.1025425521663998e+00,9.9857544212069138e-01,
1.0631557140582419e+00,9.9341671656811870e-01,1.0770349053692694e+00,9.9668928098231613e-01,
1.1069620111263136e+00,9.8559819073372024e-01,1.0914310485242116e+00,9.9596697085706642e-01,
1.0728483865160459e+00,9.9798118387336954e-01,1.0611634955926978e+00,9.9713086059058420e-01,
1.0684936283562758e+00,9.9635210726862988e-01,1.0088072857481267e+00,9.9026778750956912e-01,
1.0411795447412755e+00,9.9253303289777817e-01,1.0374314302954382e+00,9.9493847061340357e-01,
1.1009666922007120e+00,9.8895665963973056e-01,1.1065440045007982e+00,9.9576486226717720e-01,
1.1007771054980096e+00,9.9636636690083480e-01,1.0566953929350056e+00,9.9309721727024092e-01,
1.0651933005780569e+00,9.9522890703526723e-01,1.0980125042788775e+00,9.9761653723835031e-01,
1.1371162106103110e+00,9.9661672272623281e-01,1.0996747393030315e+00,9.9519569329773150e-01,
1.0670946167788449e+00,9.9415889752552089e-01,1.0368952855303313e+00,9.9509376959464635e-01,
1.0672435851533963e+00,9.9128468686231475e-01,1.0685235458138482e+00,9.9821717741910532e-01,
1.1080498381672494e+00,9.9374925797466540e-01,1.0725414034618370e+00,9.9774328633426590e-01,
1.0589175249785412e+00,9.9697228785031544e-01,1.0466822840037941e+00,9.9825443360179500e-01,
1.1532823883900412e+00,9.9340947427720405e-01,1.0489059014270243e+00,9.9688521739447844e-01,
1.0414710682453343e+00,9.8852968826520715e-01,1.0455250634442168e+00,9.9501478047215519e-01,
1.0624014243730262e+00,9.9550422416958051e-01,1.1179695405187213e+00,9.9583702710741073e-01,
1.0369051599848504e+00,9.9571878077672960e-01,1.0246376248579914e+00,9.8369727195980539e-01,
1.0555973949338853e+00,9.9627957742547268e-01,1.1099870339006019e+00,9.9250731984011409e-01,
1.1051047849717588e+00,9.9393529637103661e-01,1.0505306135023906e+00,9.9139726109255877e-01,
1.0631638816852589e+00,9.9347780547218756e-01,1.0718091770311315e+00,9.9057939801104022e-01,
1.1475063426296943e+00,9.9855239407158547e-01,1.0932961295948294e+00,9.9540019392848922e-01,
1.0644019750760754e+00,9.9563094948428821e-01,1.1198530122540948e+00,9.9649294950252865e-01,
1.1023841397440690e+00,9.9307264038535381e-01,1.1005505413023626e+00,9.9507017594425884e-01,
1.0200336189422901e+00,9.9688028954609320e-01,1.0993876617435481e+00,9.9827720716061097e-01,
1.1578937681767223e+00,9.8923220051697336e-01,1.1480285592051149e+00,9.9490863755620906e-01,
1.0588341428342778e+00,9.9681046788447092e-01,1.1122332134413022e+00,9.9381788445253127e-01,
1.0701476681399948e+00,9.9124505519192141e-01,1.0399400258591629e+00,9.9556620156270648e-01,
1.0756675184428033e+00,9.9353151241990112e-01,1.0926395781297515e+00,9.9713727601003554e-01,
1.0733351069907753e+00,9.8798015084259450e-01,1.0865910397150425e+00,9.9359036392666544e-01,
1.0139455924297966e+00,9.9004146488545930e-01,1.0749508603371416e+00,9.8321547402724851e-01,
1.1119193644020926e+00,9.9299267113113654e-01,1.1032510269035241e+00,9.9589677482858341e-01,
1.1051500877061740e+00,9.9575667481965080e-01,1.1091392734996406e+00,9.8996372927533638e-01,
1.0365573019787706e+00,9.9504539464184849e-01,1.0743792940304642e+00,9.9761749000567623e-01,
1.0835376581080542e+00,9.8863523978931400e-01,1.1058098909134551e+00,9.9442024552343800e-01,
1.0347717683034203e+00,9.9846474582249933e-01,1.1084488022806205e+00,9.9645417217915144e-01,
1.0530651854995103e+00,9.8680704052124946e-01,1.0852419548756742e+00,9.9144235072845555e-01,
1.0474068942527544e+00,9.9690547260240658e-01,1.0617954060903709e+00,9.9498881610790901e-01,
1.0614895503202268e+00,9.9692998561473944e-01,1.1044269185414575e+00,9.9586218294054829e-01,
1.0705727504255151e+00,9.9639147585802146e-01,1.0278814751599044e+00,9.8743038900538704e-01,
1.0698007438102652e+00,9.9661628135837099e-01,1.0547606218028400e+00,9.9546767313250517e-01,
1.0615107475690224e+00,9.9909679705154630e-01,1.0527084656716323e+00,9.8626958111805296e-01,
1.0623093797404195e+00,9.8982519334296337e-01,1.1040166214696225e+00,9.9895561482920892e-01,
1.1936944218173828e+00,9.9501756025823973e-01,1.1658607503273393e+00,9.8844593909443623e-01,
1.0393990260259005e+00,9.9501304188972095e-01,1.0505244052049532e+00,9.9344570465200366e-01,

