HyperCLaw-V1.1
4
phi_1_Re
phi_1_Im
phi_2_Re
phi_2_Im
3
0.0030000000000000001
0
0 0 0 
21 21 80 

((0,0,0) (20,20,79) (0,0,0)) 
0 
1 1 1 
0
0
0 90 0.0030000000000000001
0
0 7
0 7
0 8
14 21
0 7
0 8
7 14
0 7
0 8
0 7
14 21
0 8
0 7
7 14
0 8
14 21
14 21
0 8
14 21
7 14
0 8
7 14
14 21
0 8
7 14
7 14
0 8
0 7
0 7
72 80
0 7
0 7
64 72
0 7
0 7
56 64
0 7
0 7
48 56
0 7
0 7
40 48
0 7
0 7
32 40
0 7
0 7
24 32
0 7
0 7
16 24
0 7
0 7
8 16
14 21
0 7
72 80
14 21
0 7
64 72
14 21
0 7
56 64
14 21
0 7
48 56
14 21
0 7
40 48
14 21
0 7
32 40
14 21
0 7
24 32
14 21
0 7
16 24
14 21
0 7
8 16
7 14
0 7
72 80
7 14
0 7
64 72
7 14
0 7
56 64
7 14
0 7
48 56
7 14
0 7
40 48
7 14
0 7
32 40
7 14
0 7
24 32
7 14
0 7
16 24
7 14
0 7
8 16
0 7
14 21
72 80
0 7
14 21
64 72
0 7
14 21
56 64
0 7
14 21
48 56
0 7
14 21
40 48
0 7
14 21
32 40
0 7
14 21
24 32
0 7
14 21
16 24
0 7
14 21
8 16
0 7
7 14
72 80
0 7
7 14
64 72
0 7
7 14
56 64
0 7
7 14
48 56
0 7
7 14
40 48
0 7
7 14
32 40
0 7
7 14
24 32
0 7
7 14
16 24
0 7
7 14
8 16
14 21
14 21
72 80
14 21
14 21
64 72
14 21
14 21
56 64
14 21
14 21
48 56
14 21
14 21
40 48
14 21
14 21
32 40
14 21
14 21
24 32
14 21
14 21
16 24
14 21
14 21
8 16
14 21
7 14
72 80
14 21
7 14
64 72
14 21
7 14
56 64
14 21
7 14
48 56
14 21
7 14
40 48
14 21
7 14
32 40
14 21
7 14
24 32
14 21
7 14
16 24
14 21
7 14
8 16
7 14
14 21
72 80
7 14
14 21
64 72
7 14
14 21
56 64
7 14
14 21
48 56
7 14
14 21
40 48
7 14
14 21
32 40
7 14
14 21
24 32
7 14
14 21
16 24
7 14
14 21
8 16
7 14
7 14
72 80
7 14
7 14
64 72
7 14
7 14
56 64
7 14
7 14
48 56
7 14
7 14
40 48
7 14
7 14
32 40
7 14
7 14
24 32
7 14
7 14
16 24
7 14
7 14
8 16
Level_0/Cell
