1
1
4
0
(90 0
((0,0,0) (6,6,7) (0,0,0))
((14,0,0) (20,6,7) (0,0,0))
((7,0,0) (13,6,7) (0,0,0))
((0,14,0) (6,20,7) (0,0,0))
((0,7,0) (6,13,7) (0,0,0))
((14,14,0) (20,20,7) (0,0,0))
((14,7,0) (20,13,7) (0,0,0))
((7,14,0) (13,20,7) (0,0,0))
((7,7,0) (13,13,7) (0,0,0))
((0,0,72) (6,6,79) (0,0,0))
((0,0,64) (6,6,71) (0,0,0))
((0,0,56) (6,6,63) (0,0,0))
((0,0,48) (6,6,55) (0,0,0))
((0,0,40) (6,6,47) (0,0,0))
((0,0,32) (6,6,39) (0,0,0))
((0,0,24) (6,6,31) (0,0,0))
((0,0,16) (6,6,23) (0,0,0))
((0,0,8) (6,6,15) (0,0,0))
((14,0,72) (20,6,79) (0,0,0))
((14,0,64) (20,6,71) (0,0,0))
((14,0,56) (20,6,63) (0,0,0))
((14,0,48) (20,6,55) (0,0,0))
((14,0,40) (20,6,47) (0,0,0))
((14,0,32) (20,6,39) (0,0,0))
((14,0,24) (20,6,31) (0,0,0))
((14,0,16) (20,6,23) (0,0,0))
((14,0,8) (20,6,15) (0,0,0))
((7,0,72) (13,6,79) (0,0,0))
((7,0,64) (13,6,71) (0,0,0))
((7,0,56) (13,6,63) (0,0,0))
((7,0,48) (13,6,55) (0,0,0))
((7,0,40) (13,6,47) (0,0,0))
((7,0,32) (13,6,39) (0,0,0))
((7,0,24) (13,6,31) (0,0,0))
((7,0,16) (13,6,23) (0,0,0))
((7,0,8) (13,6,15) (0,0,0))
((0,14,72) (6,20,79) (0,0,0))
((0,14,64) (6,20,71) (0,0,0))
((0,14,56) (6,20,63) (0,0,0))
((0,14,48) (6,20,55) (0,0,0))
((0,14,40) (6,20,47) (0,0,0))
((0,14,32) (6,20,39) (0,0,0))
((0,14,24) (6,20,31) (0,0,0))
((0,14,16) (6,20,23) (0,0,0))
((0,14,8) (6,20,15) (0,0,0))
((0,7,72) (6,13,79) (0,0,0))
((0,7,64) (6,13,71) (0,0,0))
((0,7,56) (6,13,63) (0,0,0))
((0,7,48) (6,13,55) (0,0,0))
((0,7,40) (6,13,47) (0,0,0))
((0,7,32) (6,13,39) (0,0,0))
((0,7,24) (6,13,31) (0,0,0))
((0,7,16) (6,13,23) (0,0,0))
((0,7,8) (6,13,15) (0,0,0))
((14,14,72) (20,20,79) (0,0,0))
((14,14,64) (20,20,71) (0,0,0))
((14,14,56) (20,20,63) (0,0,0))
((14,14,48) (20,20,55) (0,0,0))
((14,14,40) (20,20,47) (0,0,0))
((14,14,32) (20,20,39) (0,0,0))
((14,14,24) (20,20,31) (0,0,0))
((14,14,16) (20,20,23) (0,0,0))
((14,14,8) (20,20,15) (0,0,0))
((14,7,72) (20,13,79) (0,0,0))
((14,7,64) (20,13,71) (0,0,0))
((14,7,56) (20,13,63) (0,0,0))
((14,7,48) (20,13,55) (0,0,0))
((14,7,40) (20,13,47) (0,0,0))
((14,7,32) (20,13,39) (0,0,0))
((14,7,24) (20,13,31) (0,0,0))
((14,7,16) (20,13,23) (0,0,0))
((14,7,8) (20,13,15) (0,0,0))
((7,14,72) (13,20,79) (0,0,0))
((7,14,64) (13,20,71) (0,0,0))
((7,14,56) (13,20,63) (0,0,0))
((7,14,48) (13,20,55) (0,0,0))
((7,14,40) (13,20,47) (0,0,0))
((7,14,32) (13,20,39) (0,0,0))
((7,14,24) (13,20,31) (0,0,0))
((7,14,16) (13,20,23) (0,0,0))
((7,14,8) (13,20,15) (0,0,0))
((7,7,72) (13,13,79) (0,0,0))
((7,7,64) (13,13,71) (0,0,0))
((7,7,56) (13,13,63) (0,0,0))
((7,7,48) (13,13,55) (0,0,0))
((7,7,40) (13,13,47) (0,0,0))
((7,7,32) (13,13,39) (0,0,0))
((7,7,24) (13,13,31) (0,0,0))
((7,7,16) (13,13,23) (0,0,0))
((7,7,8) (13,13,15) (0,0,0))
)
90
FabOnDisk: Cell_D_00002 0
FabOnDisk: Cell_D_00002 12630
FabOnDisk: Cell_D_00002 25262
FabOnDisk: Cell_D_00002 37893
FabOnDisk: Cell_D_00002 50525
FabOnDisk: Cell_D_00002 63156
FabOnDisk: Cell_D_00002 75790
FabOnDisk: Cell_D_00002 88423
FabOnDisk: Cell_D_00002 101056
FabOnDisk: Cell_D_00001 0
FabOnDisk: Cell_D_00001 12632
FabOnDisk: Cell_D_00003 0
FabOnDisk: Cell_D_00003 12632
FabOnDisk: Cell_D_00003 25264
FabOnDisk: Cell_D_00000 0
FabOnDisk: Cell_D_00000 12632
FabOnDisk: Cell_D_00002 113688
FabOnDisk: Cell_D_00002 126320
FabOnDisk: Cell_D_00001 25264
FabOnDisk: Cell_D_00001 37898
FabOnDisk: Cell_D_00001 50532
FabOnDisk: Cell_D_00003 37896
FabOnDisk: Cell_D_00003 50530
FabOnDisk: Cell_D_00000 25264
FabOnDisk: Cell_D_00000 37898
FabOnDisk: Cell_D_00000 50532
FabOnDisk: Cell_D_00002 138951
FabOnDisk: Cell_D_00001 63166
FabOnDisk: Cell_D_00001 75799
FabOnDisk: Cell_D_00003 63164
FabOnDisk: Cell_D_00003 75797
FabOnDisk: Cell_D_00003 88430
FabOnDisk: Cell_D_00000 63166
FabOnDisk: Cell_D_00000 75799
FabOnDisk: Cell_D_00002 151584
FabOnDisk: Cell_D_00002 164217
FabOnDisk: Cell_D_00001 88432
FabOnDisk: Cell_D_00001 101066
FabOnDisk: Cell_D_00001 113700
FabOnDisk: Cell_D_00003 101063
FabOnDisk: Cell_D_00003 113697
FabOnDisk: Cell_D_00000 88432
FabOnDisk: Cell_D_00000 101066
FabOnDisk: Cell_D_00000 113700
FabOnDisk: Cell_D_00002 176849
FabOnDisk: Cell_D_00001 126334
FabOnDisk: Cell_D_00001 138967
FabOnDisk: Cell_D_00003 126331
FabOnDisk: Cell_D_00003 138964
FabOnDisk: Cell_D_00003 151597
FabOnDisk: Cell_D_00000 126334
FabOnDisk: Cell_D_00000 138967
FabOnDisk: Cell_D_00002 189482
FabOnDisk: Cell_D_00002 202115
FabOnDisk: Cell_D_00001 151600
FabOnDisk: Cell_D_00001 164236
FabOnDisk: Cell_D_00001 176872
FabOnDisk: Cell_D_00003 164230
FabOnDisk: Cell_D_00003 176866
FabOnDisk: Cell_D_00000 151600
FabOnDisk: Cell_D_00000 164236
FabOnDisk: Cell_D_00000 176872
FabOnDisk: Cell_D_00002 214747
FabOnDisk: Cell_D_00001 189508
FabOnDisk: Cell_D_00001 202143
FabOnDisk: Cell_D_00001 214778
FabOnDisk: Cell_D_00003 189502
FabOnDisk: Cell_D_00003 202137
FabOnDisk: Cell_D_00000 189508
FabOnDisk: Cell_D_00000 202143
FabOnDisk: Cell_D_00000 214778
FabOnDisk: Cell_D_00002 227382
FabOnDisk: Cell_D_00001 227413
FabOnDisk: Cell_D_00001 240048
FabOnDisk: Cell_D_00001 252683
FabOnDisk: Cell_D_00003 214772
FabOnDisk: Cell_D_00003 227407
FabOnDisk: Cell_D_00000 227413
FabOnDisk: Cell_D_00000 240048
FabOnDisk: Cell_D_00000 252683
FabOnDisk: Cell_D_00002 240016
FabOnDisk: Cell_D_00001 265318
FabOnDisk: Cell_D_00001 277952
FabOnDisk: Cell_D_00003 240042
FabOnDisk: Cell_D_00003 252676
FabOnDisk: Cell_D_00003 265310
FabOnDisk: Cell_D_00000 265318
FabOnDisk: Cell_D_00000 277952
FabOnDisk: Cell_D_00002 252650
FabOnDisk: Cell_D_00002 265284

90,4
-1.0504461392955420e+00,-9.9823697642748555e-01,-1.0804680466702186e+00,-9.9526727384950231e-01,
-1.0224403351888001e+00,-9.9807266892634749e-01,-1.0721688175116195e+00,-9.9898746344219025e-01,
-1.0527695851925967e+00,-9.9724409259529956e-01,-1.0687232056219100e+00,-9.9797638377836961e-01,
-1.0386329465682378e+00,-9.9539592703377322e-01,-1.0106812252011723e+00,-9.9963669664750654e-01,
-1.0628517396000057e+00,-9.9113909997025673e-01,-1.0566303467953804e+00,-9.9669209121879154e-01,
-1.0378858506127875e+00,-9.9104287275243441e-01,-1.0572019890670266e+00,-9.9207363441574770e-01,
-1.0384031576834385e+00,-9.8975428172473545e-01,-1.0635080300910966e+00,-9.9569329311610710e-01,
-1.0569073793076578e+00,-9.9636038699742702e-01,-1.0003512654408089e+00,-9.9890889146701234e-01,
-1.0621349331045180e+00,-9.9838883613917384e-01,-1.0430058401741078e+00,-9.9172398250136373e-01,
-1.0171184769103065e+00,-9.9625784575320875e-01,-1.0704190023509823e+00,-9.9890883581381673e-01,
-1.0253456753400956e+00,-9.9819021863401292e-01,-1.0248123672735638e+00,-9.7354337906565902e-01,
-1.0668970246888529e+00,-9.9800510405577503e-01,-1.0272023046328262e+00,-9.9674783423437430e-01,
-1.0355436844928203e+00,-9.8899034333029745e-01,-1.0742502012277932e+00,-9.9495844170801384e-01,
-1.0675337193608720e+00,-9.9821674207003319e-01,-1.0617367526024988e+00,-9.9746908777305865e-01,
-1.0431809497764997e+00,-9.9650357149566648e-01,-1.0461629404481370e+00,-9.9294444156146555e-01,
-1.0223850064643227e+00,-9.9124828749559657e-01,-1.0605770563873322e+00,-9.9452887658986944e-01,
-1.0693329763222601e+00,-9.9765987052125049e-01,-9.7790626457532026e-01,-9.9426761301089794e-01,
-1.1045591309515370e+00,-9.9518910833637619e-01,-1.0048818174361216e+00,-9.9695883492167447e-01,
-1.0226610950007364e+00,-9.9196215284091427e-01,-1.0730732552671729e+00,-9.9359924174066439e-01,
-1.0853156151097449e+00,-9.9944896736135114e-01,-1.0437726560723832e+00,-9.8465747757221833e-01,
-1.0590194995760880e+00,-9.9225619610224303e-01,-1.0400320512115313e+00,-9.9207868081027673e-01,
-1.0703400838616870e+00,-9.9354231517616076e-01,-9.9095189744431755e-01,-9.9883411814539214e-01,
-1.0850285230209180e+00,-9.8059841645518642e-01,-1.0661653900805386e+00,-9.9850019242659471e-01,
-1.0903910582471024e+00,-9.8179730622636241e-01,-1.0150504293199782e+00,-9.9689861095811871e-01,
-1.0248355853840034e+00,-9.9815193091308452e-01,-1.0841605567564274e+00,-9.9685026704847013e-01,
-1.0625128207818719e+00,-9.9648533725967636e-01,-1.0790061834198539e+00,-9.9204060337775191e-01,
-1.0215203588824857e+00,-9.9896041355416432e-01,-1.0769158656928839e+00,-9.9859950087156735e-01,
-1.0282429867761760e+00,-9.8892173131138372e-01,-1.1363077338802485e+00,-9.9294564651089878e-01,
-1.1132656504310998e+00,-9.8470258898030760e-01,-1.0545400713104141e+00,-9.9926650695910246e-01,
-1.0515708205940499e+00,-9.9753563502763065e-01,-1.0806981095860646e+00,-9.9210456844674266e-01,
-9.9650243716037201e-01,-9.8593961494029547e-01,-1.0161455533153159e+00,-9.9722276875631199e-01,
-1.0332584461940717e+00,-9.9632669756764358e-01,-1.1045348099621295e+00,-9.9350300177439754e-01,
-1.0401793137116080e+00,-9.8830083400882229e-01,-1.0538967010703570e+00,-9.9384841150259762e-01,
-1.0306811327572938e+00,-9.9580151714292631e-01,-1.0575188284369614e+00,-9.9759392088066812e-01,
-1.0464125164679465e+00,-9.9340512578579443e-01,-1.0093416298663609e+00,-9.8942935336360349e-01,
-1.0715073245621272e+00,-9.9681253211621879e-01,-1.0364386399386254e+00,-9.9707505936022645e-01,
-1.0030139772351336e+00,-9.9177657981925615e-01,-1.0450004865838765e+00,-9.9710587114265870e-01,
-1.0226372577695786e+00,-9.9809494544330424e-01,-1.0165117952967229e+00,-9.8531352091642266e-01,
-1.0116982333220095e+00,-9.9345304802156287e-01,-1.0542995301574558e+00,-9.9796109113355902e-01,
-1.0468323732448208e+00,-9.7196755190308959e-01,-1.0262890755660230e+00,-9.9009966383691050e-01,
-1.0038619486113745e+00,-9.9434741858882714e-01,-1.0361323438501502e+00,-9.8930430022567906e-01,
-1.0339397101528938e+00,-9.9619261519920710e-01,-1.0980680983717979e+00,-9.8775757447042045e-01,
-1.0208077228206969e+00,-9.9742955872720329e-01,-1.0167120658444733e+00,-9.9788041029774344e-01,
-1.0231135423475424e+00,-9.9241836389076987e-01,-1.0763837176535869e+00,-9.9867985800211823e-01,
-1.0298638231156918e+00,-9.8840589947111501e-01,-1.0475118980074785e+00,-9.9274747399108609e-01,
-1.0308197372560810e+00,-9.9385671541449183e-01,-1.0257403875776210e+00,-9.9366888638751283e-01,
-1.0535252829334549e+00,-9.8975343947026573e-01,-1.0749508384182920e+00,-9.8274893839296806e-01,
-1.0357089273572622e+00,-9.9652365280392663e-01,-1.0429428978676551e+00,-9.9008206359590989e-01,
-1.0607864689340070e+00,-9.9401864597530387e-01,-1.0229515584186817e+00,-9.9691476835189086e-01,
-1.0137404120545699e+00,-9.9822161285932265e-01,-1.0048752483881715e+00,-9.9125693830784301e-01,
-1.0543776832561651e+00,-9.9636620777664175e-01,-1.0545780757194299e+00,-9.9539725617426444e-01,
-1.0647528721057451e+00,-9.9566121124818674e-01,-1.0418625204915382e+00,-9.9745921644980162e-01,
-1.0116316337332887e+00,-9.9575610759215094e-01,-1.0389267661109352e+00,-9.8901040795679207e-01,
-1.0711277518192106e+00,-9.9484752168261570e-01,-1.0499974738456350e+00,-9.9420873543491939e-01,
-1.0620910545512343e+00,-9.9639357996726419e-01,-1.0451828213315191e+00,-9.9225662720056707e-01,
-1.0760409774529049e+00,-9.9855250733041734e-01,-1.0336777530717218e+00,-9.9281551904159449e-01,
-1.0195816262368897e+00,-9.8601786646503919e-01,-1.0475513380010524e+00,-9.9836560890533876e-01,
-1.0680736018461099e+00,-9.9311354650287342e-01,-1.0722259387466790e+00,-9.9829696332744666e-01,
-1.0234856936410437e+00,-9.9193872309807096e-01,-1.0259947278222423e+00,-9.8958466344851581e-01,
-1.0621235595709457e+00,-9.9932733334769586e-01,-1.0601166686696453e+00,-9.9284942987977487e-01,
-1.0630095998434688e+00,-9.9779104954955777e-01,-1.0492637377837220e+00,-9.9733002376193869e-01,
-9.8397172078777728e-01,-9.8807168614555541e-01,-1.0395244733280657e+00,-9.9551862387393253e-01,
-1.0628934365231932e+00,-9.9658340513290800e-01,-1.0235524221731083e+00,-9.8855854104605434e-01,
-1.0439737812236125e+00,-9.9866432073414468e-01,-1.0160616993731164e+00,-9.9361679733375907e-01,
-1.0292107374432360e+00,-9.9546636286705703e-01,-1.0429140486638568e+00,-9.9894469381568951e-01,
-1.0021526896826567e+00,-9.9903223824871634e-01,-9.9953806489041164e-01,-9.8008942985580361e-01,
-1.0243261490017206e+00,-9.9276184459674510e-01,-1.0509437813632996e+00,-9.8880606179921826e-01,
-1.0443219798051477e+00,-9.9739274214993534e-01,-1.0411966613423593e+00,-9.9341009585427653e-01,
-1.0302404369696854e+00,-9.7893706426319538e-01,-1.0343534604594447e+00,-9.9690936927730067e-01,
-1.0478801802103692e+00,-9.9890609940683661e-01,-1.0502214741765521e+00,-9.9806213022574586e-01,
-1.0458197338117867e+00,-9.6429678368796390e-01,-1.0442669691587512e+00,-9.9758406871766336e-01,
-1.0252757903634742e+00,-9.9212023536226035e-01,-1.0236490547967807e+00,-9.9815485391447401e-01,
-1.1086837470419830e+00,-9.8959889478436969e-01,-1.0546510046659536e+00,-9.9343983116800538e-01,
-1.0197588905077957e+00,-9.9220416326143135e-01,-1.0593750298133335e+00,-9.9611084493117974e-01,
-1.0141201922207206e+00,-9.9620083648322844e-01,-1.0792267748354070e+00,-9.8222054188076513e-01,
-1.0279245325175026e+00,-9.8361882167681558e-01,-1.0147383044166629e+00,-9.9371511834412252e-01,
-1.1072805346260162e+00,-9.9776568560236445e-01,-1.0593623300880677e+00,-9.9810483403915662e-01,
-1.0215532455104863e+00,-9.9841471175664342e-01,-1.0487763915999397e+00,-9.9060968412595607e-01,
-1.0226669439252296e+00,-9.9782767216515433e-01,-1.0155414935970373e+00,-9.9754850174696796e-01,
-1.0436499779568957e+00,-9.9895981572207460e-01,-1.0698673284083604e+00,-9.9350244030279111e-01,
-1.0599034754962426e+00,-9.8886965323774145e-01,-1.0635935444398510e+00,-9.7984927689393064e-01,
-1.0179646345984446e+00,-9.9686539383957962e-01,-9.9940088891805390e-01,-9.9711469262989716e-01,
-1.0405720919264769e+00,-9.9496648384138242e-01,-1.0356103643457251e+00,-9.9750150221466660e-01,
-1.0237492774870391e+00,-9.9674017174785545e-01,-1.0080219096667833e+00,-9.9538922903091065e-01,
-1.0954667584562054e+00,-9.9706475755792123e-01,-1.0268904154134770e+00,-9.7646486360521667e-01,
-1.0535368636397247e+00,-9.9333763406477216e-01,-1.0301573672935993e+00,-9.9498371681258602e-01,
-1.0345130768329422e+00,-9.9088478028066040e-01,-1.0213301857406223e+00,-9.9829036533337567e-01,
-1.1001276049902224e+00,-9.9834902005485082e-01,-1.0522667482575383e+00,-9.8804169885637494e-01,
-9.8864237428906399e-01,-9.9644093070657203e-01,-1.0626897151195704e+00,-9.9466544040391314e-01,
-1.0765501170717733e+00,-9.8767993910925322e-01,-1.0120788465644606e+00,-9.9712277677930450e-01,

90,4
1.0556946397113032e+00,9.9547796985980042e-01,1.0659006958198314e+00,9.8745065176493763e-01,
1.0573893940565644e+00,9.9782799273641232e-01,1.0579334850346080e+00,9.9652474995317664e-01,
1.0117058539638755e+00,9.8890129036666718e-01,1.0115647681859141e+00,9.9742751555466491e-01,
1.0567210412652994e+00,9.8562213124111597e-01,1.0445195938209126e+00,9.9913397682148153e-01,
1.0893182493826210e+00,9.9583354745669628e-01,1.0548604551396050e+00,9.9833713846983407e-01,
1.0575717453611782e+00,9.9525197598856097e-01,1.0403374752785526e+00,9.9786229214936351e-01,
1.0255462875392229e+00,9.9873410415445563e-01,1.0121540590340203e+00,9.9351508721520210e-01,
1.0800527827316890e+00,9.9878115011967306e-01,9.9446459707774859e-01,9.9630438410527211e-01,
1.0488155213486257e+00,9.9813070334078258e-01,1.0490864162762106e+00,9.6494535543329374e-01,
1.0387046177158459e+00,9.8963098076304612e-01,1.0375304893962138e+00,9.8888199401488830e-01,
1.0711947594136941e+00,9.8494923192533201e-01,1.0182647715339961e+00,9.9781496223016330e-01,
1.0215985737191073e+00,9.9916088199356579e-01,1.0438470329348102e+00,9.9779206543949983e-01,
1.0023788952535952e+00,9.9890491563602779e-01,1.0667928403190241e+00,9.9528969467557282e-01,
1.0149495664023520e+00,9.9623332680889354e-01,1.0612939113505968e+00,9.9245321367776207e-01,
1.0501500873972871e+00,9.8423831564735176e-01,1.0612126606238732e+00,9.8782781139994447e-01,
9.9864351560065234e-01,9.9590569132932816e-01,1.0208714382719604e+00,9.9243328785923579e-01,
1.0214374739802043e+00,9.9847378873028492e-01,1.0573650455046835e+00,9.8824222658784922e-01,
1.0452775499850666e+00,9.6893296463513545e-01,1.0216818284986549e+00,9.7736805163852192e-01,
1.0412043671874402e+00,9.9994169431861912e-01,1.0431041244998209e+00,9.9740167903413535e-01,
1.0418016369559771e+00,9.9565590927644088e-01,1.0437033958127819e+00,9.8914138396696738e-01,
1.0037924335788253e+00,9.8891935529841946e-01,1.0652889773013525e+00,9.9846227710562274e-01,
1.0336375818391632e+00,9.9317492357138226e-01,1.0560777886039867e+00,9.9499127451177583e-01,
1.0087242510454091e+00,9.9803765163272595e-01,1.0722989975172290e+00,9.9859139418796006e-01,
9.9627139451210855e-01,9.9758389595118757e-01,1.0588605096174692e+00,9.9518861690449234e-01,
1.0525782646714790e+00,9.9831313768409835e-01,1.0649820324666794e+00,9.9900961372142505e-01,
1.0474775789292652e+00,9.9771429028763836e-01,1.0948882814783014e+00,9.9820009522983000e-01,
1.0247984327855153e+00,9.9586535315591052e-01,1.0623433226008869e+00,9.9720232721893376e-01,
1.0378586831349170e+00,9.9090450236907801e-01,1.0289843946974724e+00,9.9331646059088252e-01,
1.0106632270593585e+00,9.8967019152626545e-01,1.0329766054568041e+00,9.8967090134418145e-01,
1.1029568008968191e+00,9.9860724649502175e-01,1.0882873022563890e+00,9.7137319972860114e-01,
1.0365216724195756e+00,9.9617573580611218e-01,1.0349372151507306e+00,9.9657183473052724e-01,
1.0747565095726173e+00,9.9584502532256092e-01,1.0378386866133675e+00,9.7418622383563758e-01,
1.0951226965143228e+00,9.9860434151723310e-01,1.0326451256015619e+00,9.8717289898415361e-01,
1.0557944397272072e+00,9.9491800082553150e-01,1.0356433366388491e+00,9.8903412651512457e-01,
1.0639469146337590e+00,9.9887157339589872e-01,1.0476029716055382e+00,9.7253369872947870e-01,
1.0171315713420515e+00,9.9093386382384718e-01,1.1014279117057404e+00,9.9688856508162038e-01,
1.0245456470959211e+00,9.9887184108054805e-01,1.0884224884762552e+00,9.9352264651882194e-01,
1.1162191391129948e+00,9.9726872133514521e-01,1.0441975862469450e+00,9.9362002322668841e-01,
1.0712218362666743e+00,9.9527790193305388e-01,1.0409945428664484e+00,9.9009722864302752e-01,
1.0492858392923938e+00,9.9408895832099842e-01,1.0137075077965323e+00,9.9568375859817893e-01,
1.0889433716594192e+00,9.9139892751957681e-01,1.0269037550841795e+00,9.9796963620569101e-01,
1.0687136478816079e+00,9.9763621272781333e-01,1.0775665151137184e+00,9.9820717636428868e-01,
1.0234693611520396e+00,9.9297861691819322e-01,1.0832784219547766e+00,9.8906975213765569e-01,
1.0129194579271505e+00,9.8884092229425224e-01,1.0652775693194978e+00,9.9253433324385454e-01,
1.0595109277326413e+00,9.9644545648347427e-01,1.0361704218548147e+00,9.9573966955742421e-01,
1.0656237608315162e+00,9.9379277235713748e-01,1.0727664090104325e+00,9.9917754149195182e-01,
1.0531307341070615e+00,9.9501973239565455e-01,1.0641816181510531e+00,9.9777052613201556e-01,
1.0468094087039583e+00,9.8696640138961333e-01,1.0666524418588699e+00,9.9645325433501453e-01,
1.0107800612831850e+00,9.9894053799113502e-01,1.0526337516133111e+00,9.9805473982924675e-01,
1.0666810502830746e+00,9.9678883697645526e-01,1.0249098422318754e+00,9.9177362118397772e-01,
1.0310946928859641e+00,9.9459926579083469e-01,1.0622957971163660e+00,9.9603497305531308e-01,
1.0258616943999148e+00,9.8999810330836457e-01,1.0195594723194588e+00,9.9688042780483621e-01,
1.0409778478712026e+00,9.9672878569803325e-01,1.0248952016054529e+00,9.9389238897071264e-01,
1.0640070286983649e+00,9.9642897863362534e-01,1.0720498504853819e+00,9.9831606871966627e-01,
1.0720557374321638e+00,9.9727327615415007e-01,1.0445084622143710e+00,9.9722367116005040e-01,
1.0290374432878571e+00,9.9468821473532631e-01,1.0044183493325438e+00,9.9505193841680473e-01,
1.0533683200912338e+00,9.9246879400827570e-01,1.0281989168446986e+00,9.9895271109642403e-01,
1.0517886857057974e+00,9.9475570050036044e-01,1.0679805205481536e+00,9.9799168829897578e-01,
1.0343428215776747e+00,9.9767771316458498e-01,9.9491821898965305e-01,9.9839861546914954e-01,
1.1024364311133243e+00,9.9364482840429058e-01,1.0318049412383696e+00,9.9778720959518663e-01,
1.0428621223245675e+00,9.8926301567659103e-01,1.0148573197159296e+00,9.9704270285819419e-01,
1.0133144090173194e+00,9.9690149946209439e-01,1.0608812256197868e+00,9.9606975325292579e-01,
1.0609990575613870e+00,9.9772090306707195e-01,1.0512892320108715e+00,9.8527415352787584e-01,
1.0410115648280738e+00,9.9748881535660827e-01,1.0723394875657941e+00,9.9352216925109305e-01,
1.0149792721383613e+00,9.9505048745863900e-01,1.0703741428961238e+00,9.9272583477818499e-01,
1.0384790177573497e+00,9.9455728254724152e-01,1.0189452194324038e+00,9.9105041579017816e-01,
1.0633221432901305e+00,9.9917331844222557e-01,1.0522836872830834e+00,9.9678520484186561e-01,
1.0312739316816015e+00,9.9631046627534958e-01,1.0396622041657051e+00,9.9783551771222201e-01,
1.0585760982729620e+00,9.9534144305059147e-01,1.0280340552102911e+00,9.9488924240684873e-01,
1.0046380182414596e+00,9.9762746249772205e-01,1.0330228913318227e+00,9.9884906834732279e-01,
1.1030897317951884e+00,9.8963925663658980e-01,1.0833229074877884e+00,9.9533312499558491e-01,
1.0630458395189684e+00,9.9742490987939170e-01,1.0304989648447893e+00,9.9481334467808080e-01,
1.0804856689362643e+00,9.9216553933700702e-01,1.0242930540020905e+00,9.9649824577852064e-01,
1.0555194583821923e+00,9.9364346081577148e-01,1.0384998778672663e+00,9.9807224169492748e-01,
1.0420773725895938e+00,9.8927990478190020e-01,1.0416423774183881e+00,9.9404127767978145e-01,
1.0168532359458280e+00,9.9137266800104540e-01,1.0681676731410299e+00,9.8415734280493117e-01,
1.0386735419132533e+00,9.9453595218001534e-01,1.0543430301308505e+00,9.9655935495603665e-01,
1.0433084581170089e+00,9.9771481983172572e-01,1.0693877487268690e+00,9.9070831916141899e-01,
1.0249089323940739e+00,9.9611998428041681e-01,1.0173483502422507e+00,9.9819435290027503e-01,
1.0475975449424713e+00,9.9003056905553988e-01,1.0461450789668365e+00,9.9557251938096092e-01,
1.0362024424463765e+00,9.9913231557443194e-01,1.0308086206328542e+00,9.9700212951579958e-01,
1.0280299657377594e+00,9.8785648395192915e-01,1.0605935785510781e+00,9.9296449415342458e-01,
1.0358456114984964e+00,9.9843200544898170e-01,1.0391767026498269e+00,9.9728662968164961e-01,
1.0276396605840656e+00,9.9740261658579088e-01,1.0556020849044745e+00,9.9748326790315123e-01,
1.0041603215038499e+00,9.9727195892596487e-01,1.0547178046229113e+00,9.8860234989872164e-01,
1.0191610677918392e+00,9.9716843122897569e-01,1.0652750161897673e+00,9.9715795825725417e-01,
1.0216563899259199e+00,9.9952388720624952e-01,1.0529540392017451e+00,9.8798081958258499e-01,
1.0672209560795594e+00,9.9100498800038839e-01,1.0357958942210423e+00,9.9890320135668842e-01,
1.0836750030681699e+00,9.9533718987128350e-01,1.1150102190224671e+00,9.9018859220075250e-01,
1.0310231294314296e+00,9.9632118485885712e-01,1.0494759141618302e+00,9.9478051351475349e-01,

