1
1
4
0
(90 0
((0,0,0) (6,6,7) (0,0,0))
((14,0,0) (20,6,7) (0,0,0))
((7,0,0) (13,6,7) (0,0,0))
((0,14,0) (6,20,7) (0,0,0))
((0,7,0) (6,13,7) (0,0,0))
((14,14,0) (20,20,7) (0,0,0))
((14,7,0) (20,13,7) (0,0,0))
((7,14,0) (13,20,7) (0,0,0))
((7,7,0) (13,13,7) (0,0,0))
((0,0,72) (6,6,79) (0,0,0))
((0,0,64) (6,6,71) (0,0,0))
((0,0,56) (6,6,63) (0,0,0))
((0,0,48) (6,6,55) (0,0,0))
((0,0,40) (6,6,47) (0,0,0))
((0,0,32) (6,6,39) (0,0,0))
((0,0,24) (6,6,31) (0,0,0))
((0,0,16) (6,6,23) (0,0,0))
((0,0,8) (6,6,15) (0,0,0))
((14,0,72) (20,6,79) (0,0,0))
((14,0,64) (20,6,71) (0,0,0))
((14,0,56) (20,6,63) (0,0,0))
((14,0,48) (20,6,55) (0,0,0))
((14,0,40) (20,6,47) (0,0,0))
((14,0,32) (20,6,39) (0,0,0))
((14,0,24) (20,6,31) (0,0,0))
((14,0,16) (20,6,23) (0,0,0))
((14,0,8) (20,6,15) (0,0,0))
((7,0,72) (13,6,79) (0,0,0))
((7,0,64) (13,6,71) (0,0,0))
((7,0,56) (13,6,63) (0,0,0))
((7,0,48) (13,6,55) (0,0,0))
((7,0,40) (13,6,47) (0,0,0))
((7,0,32) (13,6,39) (0,0,0))
((7,0,24) (13,6,31) (0,0,0))
((7,0,16) (13,6,23) (0,0,0))
((7,0,8) (13,6,15) (0,0,0))
((0,14,72) (6,20,79) (0,0,0))
((0,14,64) (6,20,71) (0,0,0))
((0,14,56) (6,20,63) (0,0,0))
((0,14,48) (6,20,55) (0,0,0))
((0,14,40) (6,20,47) (0,0,0))
((0,14,32) (6,20,39) (0,0,0))
((0,14,24) (6,20,31) (0,0,0))
((0,14,16) (6,20,23) (0,0,0))
((0,14,8) (6,20,15) (0,0,0))
((0,7,72) (6,13,79) (0,0,0))
((0,7,64) (6,13,71) (0,0,0))
((0,7,56) (6,13,63) (0,0,0))
((0,7,48) (6,13,55) (0,0,0))
((0,7,40) (6,13,47) (0,0,0))
((0,7,32) (6,13,39) (0,0,0))
((0,7,24) (6,13,31) (0,0,0))
((0,7,16) (6,13,23) (0,0,0))
((0,7,8) (6,13,15) (0,0,0))
((14,14,72) (20,20,79) (0,0,0))
((14,14,64) (20,20,71) (0,0,0))
((14,14,56) (20,20,63) (0,0,0))
((14,14,48) (20,20,55) (0,0,0))
((14,14,40) (20,20,47) (0,0,0))
((14,14,32) (20,20,39) (0,0,0))
((14,14,24) (20,20,31) (0,0,0))
((14,14,16) (20,20,23) (0,0,0))
((14,14,8) (20,20,15) (0,0,0))
((14,7,72) (20,13,79) (0,0,0))
((14,7,64) (20,13,71) (0,0,0))
((14,7,56) (20,13,63) (0,0,0))
((14,7,48) (20,13,55) (0,0,0))
((14,7,40) (20,13,47) (0,0,0))
((14,7,32) (20,13,39) (0,0,0))
((14,7,24) (20,13,31) (0,0,0))
((14,7,16) (20,13,23) (0,0,0))
((14,7,8) (20,13,15) (0,0,0))
((7,14,72) (13,20,79) (0,0,0))
((7,14,64) (13,20,71) (0,0,0))
((7,14,56) (13,20,63) (0,0,0))
((7,14,48) (13,20,55) (0,0,0))
((7,14,40) (13,20,47) (0,0,0))
((7,14,32) (13,20,39) (0,0,0))
((7,14,24) (13,20,31) (0,0,0))
((7,14,16) (13,20,23) (0,0,0))
((7,14,8) (13,20,15) (0,0,0))
((7,7,72) (13,13,79) (0,0,0))
((7,7,64) (13,13,71) (0,0,0))
((7,7,56) (13,13,63) (0,0,0))
((7,7,48) (13,13,55) (0,0,0))
((7,7,40) (13,13,47) (0,0,0))
((7,7,32) (13,13,39) (0,0,0))
((7,7,24) (13,13,31) (0,0,0))
((7,7,16) (13,13,23) (0,0,0))
((7,7,8) (13,13,15) (0,0,0))
)
90
FabOnDisk: Cell_D_00002 0
FabOnDisk: Cell_D_00002 12630
FabOnDisk: Cell_D_00002 25262
FabOnDisk: Cell_D_00002 37893
FabOnDisk: Cell_D_00002 50525
FabOnDisk: Cell_D_00002 63156
FabOnDisk: Cell_D_00002 75790
FabOnDisk: Cell_D_00002 88423
FabOnDisk: Cell_D_00002 101056
FabOnDisk: Cell_D_00001 0
FabOnDisk: Cell_D_00001 12632
FabOnDisk: Cell_D_00003 0
FabOnDisk: Cell_D_00003 12632
FabOnDisk: Cell_D_00003 25264
FabOnDisk: Cell_D_00000 0
FabOnDisk: Cell_D_00000 12632
FabOnDisk: Cell_D_00002 113688
FabOnDisk: Cell_D_00002 126320
FabOnDisk: Cell_D_00001 25264
FabOnDisk: Cell_D_00001 37898
FabOnDisk: Cell_D_00001 50532
FabOnDisk: Cell_D_00003 37896
FabOnDisk: Cell_D_00003 50530
FabOnDisk: Cell_D_00000 25264
FabOnDisk: Cell_D_00000 37898
FabOnDisk: Cell_D_00000 50532
FabOnDisk: Cell_D_00002 138951
FabOnDisk: Cell_D_00001 63166
FabOnDisk: Cell_D_00001 75799
FabOnDisk: Cell_D_00003 63164
FabOnDisk: Cell_D_00003 75797
FabOnDisk: Cell_D_00003 88430
FabOnDisk: Cell_D_00000 63166
FabOnDisk: Cell_D_00000 75799
FabOnDisk: Cell_D_00002 151584
FabOnDisk: Cell_D_00002 164217
FabOnDisk: Cell_D_00001 88432
FabOnDisk: Cell_D_00001 101066
FabOnDisk: Cell_D_00001 113700
FabOnDisk: Cell_D_00003 101063
FabOnDisk: Cell_D_00003 113697
FabOnDisk: Cell_D_00000 88432
FabOnDisk: Cell_D_00000 101066
FabOnDisk: Cell_D_00000 113700
FabOnDisk: Cell_D_00002 176849
FabOnDisk: Cell_D_00001 126334
FabOnDisk: Cell_D_00001 138967
FabOnDisk: Cell_D_00003 126331
FabOnDisk: Cell_D_00003 138964
FabOnDisk: Cell_D_00003 151597
FabOnDisk: Cell_D_00000 126334
FabOnDisk: Cell_D_00000 138967
FabOnDisk: Cell_D_00002 189482
FabOnDisk: Cell_D_00002 202115
FabOnDisk: Cell_D_00001 151600
FabOnDisk: Cell_D_00001 164236
FabOnDisk: Cell_D_00001 176872
FabOnDisk: Cell_D_00003 164230
FabOnDisk: Cell_D_00003 176866
FabOnDisk: Cell_D_00000 151600
FabOnDisk: Cell_D_00000 164236
FabOnDisk: Cell_D_00000 176872
FabOnDisk: Cell_D_00002 214747
FabOnDisk: Cell_D_00001 189508
FabOnDisk: Cell_D_00001 202143
FabOnDisk: Cell_D_00001 214778
FabOnDisk: Cell_D_00003 189502
FabOnDisk: Cell_D_00003 202137
FabOnDisk: Cell_D_00000 189508
FabOnDisk: Cell_D_00000 202143
FabOnDisk: Cell_D_00000 214778
FabOnDisk: Cell_D_00002 227382
FabOnDisk: Cell_D_00001 227413
FabOnDisk: Cell_D_00001 240048
FabOnDisk: Cell_D_00001 252683
FabOnDisk: Cell_D_00003 214772
FabOnDisk: Cell_D_00003 227407
FabOnDisk: Cell_D_00000 227413
FabOnDisk: Cell_D_00000 240048
FabOnDisk: Cell_D_00000 252683
FabOnDisk: Cell_D_00002 240016
FabOnDisk: Cell_D_00001 265318
FabOnDisk: Cell_D_00001 277952
FabOnDisk: Cell_D_00003 240042
FabOnDisk: Cell_D_00003 252676
FabOnDisk: Cell_D_00003 265310
FabOnDisk: Cell_D_00000 265318
FabOnDisk: Cell_D_00000 277952
FabOnDisk: Cell_D_00002 252650
FabOnDisk: Cell_D_00002 265284

90,4
-1.2194815904155227e+00,-9.9349251673259775e-01,-1.2423541114863568e+00,-9.9460306075127269e-01,
-1.1138670462975637e+00,-9.9817424317940895e-01,-1.1877102750309407e+00,-9.9614856802505325e-01,
-1.2623266591098190e+00,-9.9351046564733825e-01,-1.3078889662881854e+00,-9.9302659162007123e-01,
-1.1258365113214737e+00,-9.8738558300345314e-01,-1.1129914220532888e+00,-9.9778973705001994e-01,
-1.1072050936595568e+00,-9.8183304215973832e-01,-1.1939209502462116e+00,-9.8764703480047111e-01,
-1.1807397118469398e+00,-9.8872051306186903e-01,-1.2211449143459294e+00,-9.8683439253617999e-01,
-1.2922430537915008e+00,-9.8294569218368477e-01,-1.1478305574309040e+00,-9.8658514269536635e-01,
-1.2478185214972854e+00,-9.8635074082087715e-01,-1.1509627043519381e+00,-9.9285054250294991e-01,
-1.1955100289494203e+00,-9.9484828552408222e-01,-1.1593497528359453e+00,-9.9067571080104033e-01,
-1.2237694168589661e+00,-9.9143647059371087e-01,-1.2035722960492421e+00,-9.9780030089508798e-01,
-1.0967463504571677e+00,-9.9261582856211106e-01,-1.1480124036892871e+00,-9.6788601096622162e-01,
-1.1455038915710503e+00,-9.9497006640628327e-01,-1.2808984943854329e+00,-9.8820982884481645e-01,
-1.1906340622377891e+00,-9.7807261874435114e-01,-1.2126743711278207e+00,-9.8488978936333904e-01,
-1.2887790455109971e+00,-9.9236383815632190e-01,-1.2087610829268027e+00,-9.9919528960731319e-01,
-1.2284295508149683e+00,-9.9278748795097427e-01,-1.1176266991060380e+00,-9.8292587468483972e-01,
-1.1634776257685300e+00,-9.7990496723505482e-01,-1.1649643135290484e+00,-9.9108869661137999e-01,
-1.2052815637791914e+00,-9.9374718115657401e-01,-1.2464509175479190e+00,-9.8996613662103683e-01,
-1.0702637330205818e+00,-9.8887982193126212e-01,-1.1385231364781410e+00,-9.8990734279052428e-01,
-1.1964626028540319e+00,-9.8544805995317653e-01,-1.1296937605922959e+00,-9.8283241576705549e-01,
-1.1484600556849232e+00,-9.9728977663083518e-01,-1.2923822919491281e+00,-9.8104760869207053e-01,
-1.1657140575359495e+00,-9.8093060455828529e-01,-1.1876171492573302e+00,-9.8211192977976824e-01,
-1.2071657789119155e+00,-9.9084741282255506e-01,-1.1407002798263655e+00,-9.9350095603202104e-01,
-1.1268774176704399e+00,-9.6838613309168076e-01,-1.1574239669434359e+00,-9.9054663296187895e-01,
-1.2980951212470373e+00,-9.7019999974907789e-01,-1.1498378790926413e+00,-9.8821897476888210e-01,
-1.1124672655022878e+00,-9.8968357830488674e-01,-1.2448236793241430e+00,-9.9446655410801088e-01,
-1.1933569741893293e+00,-9.9386401734490437e-01,-1.2172511579209040e+00,-9.8230709262597871e-01,
-1.1283568530357504e+00,-9.9717226220504696e-01,-1.2259696845308936e+00,-9.8972262849249004e-01,
-1.0643950836785132e+00,-9.8516961936367808e-01,-1.2506596247340174e+00,-9.8625750233587228e-01,
-1.2408382993556726e+00,-9.7766316358906746e-01,-1.1881386945455086e+00,-9.9706462666865936e-01,
-1.2313479698255692e+00,-9.9493423551564020e-01,-1.2066757172719644e+00,-9.8399572791873713e-01,
-1.2414408014794565e+00,-9.8075400432308457e-01,-1.1372218109025660e+00,-9.9242933972229563e-01,
-1.2169397117152401e+00,-9.8761094882610811e-01,-1.1925887345159341e+00,-9.8581242254497337e-01,
-1.1443229293422661e+00,-9.7977522593887700e-01,-1.3155808771815956e+00,-9.8274224882821903e-01,
-1.1484140192220018e+00,-9.8910571691758287e-01,-1.1732751535007875e+00,-9.8931320175512694e-01,
-1.2298406409541629e+00,-9.8879702484830789e-01,-1.1335195101544722e+00,-9.8834872440029475e-01,
-1.2468232786928695e+00,-9.9093551382790135e-01,-1.2393775829261164e+00,-9.9698298914212236e-01,
-1.0950319580786085e+00,-9.8472686244343377e-01,-1.2418097936578842e+00,-9.9315799294683049e-01,
-1.2348560494725456e+00,-9.8449081506213587e-01,-1.1771306673660613e+00,-9.8134514259374406e-01,
-1.1748061303911543e+00,-9.9131044646993227e-01,-1.2093502627025785e+00,-9.9266872127648409e-01,
-1.1729017281850322e+00,-9.6792650498214139e-01,-1.3012230876819191e+00,-9.7944125232984558e-01,
-1.2057561591483887e+00,-9.8718082528497186e-01,-1.3386913660391346e+00,-9.8167618770139387e-01,
-1.1736610341558751e+00,-9.9136021429897048e-01,-1.2291177997135705e+00,-9.7794454030823152e-01,
-1.1733716642418175e+00,-9.9395854259602512e-01,-1.1747997092773754e+00,-9.9082977157253871e-01,
-1.3189613793807420e+00,-9.8696540103263142e-01,-1.1868053278822677e+00,-9.9244332889883924e-01,
-1.1713608403393228e+00,-9.7503466427140517e-01,-1.2377407659750255e+00,-9.9166056789454482e-01,
-1.1708206974231745e+00,-9.8754191914710276e-01,-1.1247880531553935e+00,-9.8567906405776573e-01,
-1.2044612046417851e+00,-9.7743365894159584e-01,-1.1273082935438594e+00,-9.7441333165691146e-01,
-1.1822429203113292e+00,-9.9726990778836999e-01,-1.1933680842227039e+00,-9.8077432208734794e-01,
-1.2453667243027944e+00,-9.8213808616828657e-01,-1.0813194375707587e+00,-9.9180888386278709e-01,
-1.1117482229332531e+00,-9.9518079588256625e-01,-1.1113363124330071e+00,-9.8777287851794415e-01,
-1.2786997962350226e+00,-9.9019780683665382e-01,-1.2101320442796282e+00,-9.8521440861751719e-01,
-1.1437212461403010e+00,-9.9050703106290316e-01,-1.2208363849913049e+00,-9.9158368501780947e-01,
-1.2927773091333594e+00,-9.8601341348550775e-01,-1.2079029959955765e+00,-9.8625462297710409e-01,
-1.3852831300819890e+00,-9.8705471184768212e-01,-1.1826240267248957e+00,-9.8229455880783811e-01,
-1.1202438169781590e+00,-9.8980526327170826e-01,-1.2879239514131955e+00,-9.8378626669722857e-01,
-1.1013581744270051e+00,-9.9562129251251619e-01,-1.1473610191913950e+00,-9.8196940106523400e-01,
-1.0994342332718208e+00,-9.7739451441125591e-01,-1.0721836488675529e+00,-9.9629189788306538e-01,
-1.2544311155625885e+00,-9.8837603117208395e-01,-1.1448682118080467e+00,-9.8815073030381284e-01,
-1.2032823406172326e+00,-9.8738173071692936e-01,-1.2311661460117069e+00,-9.7994983532733415e-01,
-1.1185798434441232e+00,-9.9513145364704969e-01,-1.1482746052249122e+00,-9.8985439996095337e-01,
-1.2274393008222133e+00,-9.9001388206609198e-01,-1.1080736491662062e+00,-9.8890739281398121e-01,
-1.0804043486079451e+00,-9.8078154649625726e-01,-1.1931291477693149e+00,-9.8968557325308892e-01,
-1.1180093862899549e+00,-9.9074097518753290e-01,-1.2142670433504488e+00,-9.8457656304530317e-01,
-1.1458581814528912e+00,-9.9279056079763706e-01,-1.2469565570532957e+00,-9.8518296971763430e-01,
-1.1668411869922750e+00,-9.8996203696937934e-01,-1.2586510810794123e+00,-9.9386579150164478e-01,
-1.1307914564436481e+00,-9.9760414851550905e-01,-1.1556788431051317e+00,-9.7430813632344704e-01,
-1.1690939515618315e+00,-9.8564073607230962e-01,-1.1736872556330673e+00,-9.8119358640846621e-01,
-1.1225895264173327e+00,-9.9310322590514355e-01,-1.1847543097240312e+00,-9.8245014757439941e-01,
-1.0738820406959937e+00,-9.7838549033519862e-01,-1.1738624030766054e+00,-9.8636100497170076e-01,
-1.1932936814822022e+00,-9.9572455004918625e-01,-1.1639727956917645e+00,-9.9822261349045827e-01,
-1.2132485920865159e+00,-9.5711245892500907e-01,-1.1432360120608576e+00,-9.9056713022429710e-01,
-1.2374444459584140e+00,-9.8658283304150352e-01,-1.1381659909527273e+00,-9.8585672306618199e-01,
-1.1276089487864445e+00,-9.8268402442381475e-01,-1.2182066961798292e+00,-9.8181206297329149e-01,
-1.2617978882548466e+00,-9.8610753980122601e-01,-1.1747713820319725e+00,-9.9288892282367247e-01,
-1.2128101832940819e+00,-9.9594352721456048e-01,-1.3486754005574442e+00,-9.7477908890597575e-01,
-1.2667116210623222e+00,-9.7928636852155593e-01,-1.1770394277989547e+00,-9.8785273976073140e-01,
-1.1268415510757914e+00,-9.8669517202237234e-01,-1.1270872118844946e+00,-9.9747710352240360e-01,
-1.1462682871177481e+00,-9.8799269176204274e-01,-1.1886266922027746e+00,-9.8435496256786370e-01,
-1.3435889399900858e+00,-9.9206130704031636e-01,-1.1380705150249473e+00,-9.8601838487799709e-01,
-1.1484125145239477e+00,-9.9430234322597832e-01,-1.0627892073355345e+00,-9.8903416413045531e-01,
-1.1696064268556705e+00,-9.8143699655231542e-01,-1.1656545335473334e+00,-9.7429635284234706e-01,
-1.1682153680463132e+00,-9.9315534385641391e-01,-1.1438097089529349e+00,-9.8614001388037742e-01,
-1.1659285038609442e+00,-9.9220939719673640e-01,-1.1883853132386901e+00,-9.9219898115800342e-01,
-1.1828363120018479e+00,-9.8923636108120794e-01,-1.1989312442012456e+00,-9.9488117816503363e-01,
-1.2425410376675852e+00,-9.9507651402019237e-01,-1.1811469664041936e+00,-9.6908619920506933e-01,
-1.2952531328922929e+00,-9.8594755459852257e-01,-1.1358224555498089e+00,-9.8071617494475616e-01,
-1.1995916342406556e+00,-9.8558185160812650e-01,-1.2065323207158969e+00,-9.8955081318243965e-01,
-1.2299298805058909e+00,-9.9011535426460229e-01,-1.3128751791068729e+00,-9.8506449370555083e-01,
-1.2406259189733040e+00,-9.9209693942719168e-01,-1.0759291874492782e+00,-9.8640832407192325e-01,
-1.3016265781683416e+00,-9.7934890041063982e-01,-1.0292676241553718e+00,-9.9037688942859736e-01,

90,4
1.1606569746068762e+00,9.8963798545865456e-01,1.1912504456333910e+00,9.8006415930861579e-01,
1.2067109020333555e+00,9.9852012004815927e-01,1.1513339321486362e+00,9.8384786877827934e-01,
1.0659448291783407e+00,9.8124271183878675e-01,1.0716600024216776e+00,9.9419772667730677e-01,
1.2109752366119517e+00,9.7420913849171364e-01,1.1527276518073264e+00,9.9557029739865077e-01,
1.3145145506317411e+00,9.8870596119418130e-01,1.2289916689664120e+00,9.9654297426642158e-01,
1.2105043557171458e+00,9.9061316444568670e-01,1.1880628660778907e+00,9.9010180160409200e-01,
1.2423629263297320e+00,9.9155758265869032e-01,1.1871979882063195e+00,9.8890491272518721e-01,
1.2400900926173861e+00,9.9648776408982431e-01,1.1222089484267459e+00,9.9382075223882116e-01,
1.1975108109395460e+00,9.8770592862491846e-01,1.2202276138184138e+00,9.5456496922445377e-01,
1.0319687582483992e+00,9.7959366877793030e-01,1.2172541824605920e+00,9.8106114746811868e-01,
1.2983900500361962e+00,9.8095958639107561e-01,1.2750793271191014e+00,9.9306168038097098e-01,
1.1062917287748857e+00,9.9664256099351711e-01,1.2126935432582644e+00,9.9486216851597564e-01,
1.1843744148974045e+00,9.9832814444417028e-01,1.0747060729790441e+00,9.9427091079597474e-01,
1.2702465757332320e+00,9.8460543074443441e-01,1.2162757213683386e+00,9.8860476755476745e-01,
1.2214297319511749e+00,9.7699959301614148e-01,1.2108756109196279e+00,9.7513765965054067e-01,
1.0713304504049272e+00,9.8827762679901898e-01,1.3713121552493910e+00,9.8520653342059783e-01,
1.0864227911562458e+00,9.9345876259623001e-01,1.1297268756916721e+00,9.8712916844507148e-01,
1.1108359625845483e+00,9.6239255348571928e-01,1.1930149407642403e+00,9.7806456568499001e-01,
1.1092695126814021e+00,1.0006552189105524e+00,1.1273289472898047e+00,9.9297813457216333e-01,
1.2038389386026316e+00,9.8737905495417555e-01,1.2963739531183451e+00,9.7666311957930418e-01,
1.2877828885423619e+00,9.8080422044980398e-01,1.2317120617945501e+00,9.9272662980827164e-01,
1.1153759361497693e+00,9.9695419529725449e-01,1.1912089472645171e+00,9.8324485555382868e-01,
1.1008978555673075e+00,9.8556159748640326e-01,1.2329872648493656e+00,9.9488163358119153e-01,
1.1309017354752915e+00,9.8873760573155034e-01,1.1755254573137979e+00,9.8910880229157128e-01,
1.1610890109406267e+00,9.9551950954285828e-01,1.1212737568855224e+00,9.9312443938580675e-01,
1.3424679491564417e+00,9.9279459686715399e-01,1.1482509322053835e+00,9.9379615683528888e-01,
1.1944166398422367e+00,9.8710328695208494e-01,1.0973769590995979e+00,9.9036924564831397e-01,
1.0620445687921429e+00,9.7948713134852028e-01,1.1542976542019039e+00,9.8875312485704225e-01,
1.1210184016793656e+00,9.7376545224630240e-01,1.1759813910482388e+00,9.8601321162080424e-01,
1.2023384373158712e+00,9.9328318150533479e-01,1.3979846300019279e+00,9.6428309808574353e-01,
1.2393796965205146e+00,9.9183803660396341e-01,1.2491976636932676e+00,9.9447085554366255e-01,
1.1932865055439272e+00,9.8487380730492502e-01,1.1927668405957916e+00,9.5982582469814304e-01,
1.2636688708605861e+00,9.9072030974992742e-01,1.2110787371096459e+00,9.7689793400003011e-01,
1.2272402982788964e+00,9.8813480109908092e-01,1.3779568088193597e+00,9.8020656920563720e-01,
1.2684350095526979e+00,9.9158373267717825e-01,1.0976726683055396e+00,9.6712613309412221e-01,
1.1548256007638089e+00,9.8457409612643254e-01,1.2858490416656996e+00,9.9131968706610762e-01,
1.1591427100622373e+00,9.9464621623462390e-01,1.1404547743368572e+00,9.8453701808811378e-01,
1.2632487318895420e+00,9.8840512717929485e-01,1.3160424769531966e+00,9.8860743817450780e-01,
1.1301902109053177e+00,9.8931783120306127e-01,1.1140735430980646e+00,9.8594450266889921e-01,
1.1618827929201327e+00,9.9026267059295481e-01,1.2306589271133128e+00,9.9015762535114005e-01,
1.3265546408852444e+00,9.8870133560126594e-01,1.1404500869210046e+00,9.8652100500392437e-01,
1.1602878488887560e+00,9.8789377423119151e-01,1.1409619631375720e+00,9.8792799845519463e-01,
1.1806346130417325e+00,9.8285721260105796e-01,1.2039759532909535e+00,9.7944708001329606e-01,
1.1941090522845610e+00,9.8249375271364692e-01,1.1413534802996055e+00,9.8483304165615648e-01,
1.2544131010663306e+00,9.8517959329387794e-01,1.2165469723561773e+00,9.8629134904170557e-01,
1.2073100561975647e+00,9.8855928088371181e-01,1.2824003497628071e+00,9.9475922029720287e-01,
1.2224423655710204e+00,9.8407068431962841e-01,1.1612626719379995e+00,9.9044946278252199e-01,
1.1614814783961740e+00,9.7815093022385391e-01,1.1851958108469827e+00,9.9310819241850179e-01,
1.1776332737246291e+00,9.9284121646385526e-01,1.2757063171290515e+00,9.9185590230176135e-01,
1.0862282792722326e+00,9.9391281477215887e-01,1.2074593982848441e+00,9.8108079914320534e-01,
1.2154902278900774e+00,9.8049580719834928e-01,1.1524875590806671e+00,9.8927505362687362e-01,
1.2076221392185567e+00,9.8255704101302788e-01,1.1391635334658137e+00,9.8913564936057352e-01,
1.1802814056875488e+00,9.9407305147488823e-01,1.1143693266764758e+00,9.8855078838815880e-01,
1.1404377380425950e+00,9.8819634551483704e-01,1.1389183535136924e+00,9.9302487648602855e-01,
1.1818153962971762e+00,9.9273276674048039e-01,1.1406577427413356e+00,9.8321730349814551e-01,
1.1260305062541536e+00,9.9080634050468086e-01,1.1721572113714120e+00,9.9530995363121311e-01,
1.1169564667496825e+00,9.8660155577816921e-01,1.1499222100905095e+00,9.9392941656395817e-01,
1.1851189359399728e+00,9.8779403187305848e-01,1.1649169436080797e+00,9.9654140798090463e-01,
1.1466430701287793e+00,9.9266928132934318e-01,1.1195417199367912e+00,9.9710690453694628e-01,
1.2227156764861093e+00,9.9282245376119815e-01,1.1217406351919015e+00,9.9164241898189409e-01,
1.2706090168802509e+00,9.8440504014263930e-01,1.2248972190116170e+00,9.9097167383463824e-01,
1.2193774405279147e+00,9.8691845213904184e-01,1.3319676401931893e+00,9.9523549674961365e-01,
1.1663883806406612e+00,9.8843835067619068e-01,1.0905956609491190e+00,9.8051469100218502e-01,
1.1662275701402465e+00,9.8947044848787447e-01,1.2687193783101802e+00,9.8625957021487809e-01,
1.3189689585803424e+00,9.8737483464825515e-01,1.1147982574002702e+00,9.8652261143144304e-01,
1.2778972123054317e+00,9.8689190914577340e-01,1.1050180526512261e+00,9.8760699069822966e-01,
1.2443170300979762e+00,9.9489461763058795e-01,1.1631493687928127e+00,9.8732542379307009e-01,
1.4207897127003584e+00,9.9159311932997163e-01,1.2411036627007519e+00,9.8941894102390870e-01,
1.2835677696511640e+00,9.7940211409260869e-01,1.1175497678631705e+00,9.9603490173518339e-01,
1.2092985079105958e+00,9.9220433995526403e-01,1.1849808119799665e+00,9.9548693288878454e-01,
1.2551174293258305e+00,9.8732477723335499e-01,1.1215345345450323e+00,9.9270103647309393e-01,
1.0885346692989530e+00,9.9336301675788141e-01,1.2585870917752118e+00,9.9127226386451639e-01,
1.2158693583162214e+00,9.8573664373472525e-01,1.1619658608175738e+00,9.9154297165489425e-01,
1.0923621933183325e+00,9.9261730490223021e-01,1.2500787753675113e+00,9.9142644958065007e-01,
1.1351005862915897e+00,9.8139892224697767e-01,1.2197232729608980e+00,9.9162180027368274e-01,
1.1010141978747190e+00,9.8193992186736345e-01,1.1362165479420852e+00,9.7802728552220364e-01,
1.2205035850938297e+00,9.8367041439516834e-01,1.1569720994967700e+00,9.9152726116839018e-01,
1.1224293792668871e+00,9.8991723570933698e-01,1.1478716664662125e+00,9.8504872542637034e-01,
1.3115898707366112e+00,9.8832600748869226e-01,1.1766144949884842e+00,9.9412261508808952e-01,
1.1920226769406630e+00,9.8421766115467768e-01,1.2263789767548803e+00,9.8825795265353600e-01,
1.2035703392779964e+00,9.9412083829900966e-01,1.2493711325816528e+00,9.9632448585813038e-01,
1.3163887009887185e+00,9.8086304459792473e-01,1.2744144462030118e+00,9.8259515888191762e-01,
1.1200074347453708e+00,9.8886910066686184e-01,1.1567822384615172e+00,9.8121654367087729e-01,
1.1920619792711502e+00,9.9422889255253144e-01,1.1084163203694293e+00,9.8723316859030308e-01,
1.0576062174679703e+00,9.9137833937713460e-01,1.2633030204544573e+00,9.8077875494074640e-01,
1.1496229565720650e+00,9.9314934215520179e-01,1.0582807215471031e+00,9.8501478484210181e-01,
1.2335267719074043e+00,9.9626661416234963e-01,1.0884861206887120e+00,9.8250322526114731e-01,
1.1892065152083002e+00,9.8313247860278175e-01,1.2191183951286668e+00,9.9966811213022966e-01,
1.1578066017166320e+00,9.9334305799745026e-01,1.0642822585861440e+00,9.7786883718095829e-01,
1.2763640886213570e+00,9.8678812856415121e-01,1.3459826280915712e+00,9.8510064194521163e-01,

