1
1
4
0
(180 0
((0,0,0) (6,6,7) (0,0,0))
((14,0,0) (20,6,7) (0,0,0))
((7,0,0) (13,6,7) (0,0,0))
((0,14,0) (6,20,7) (0,0,0))
((0,7,0) (6,13,7) (0,0,0))
((14,14,0) (20,20,7) (0,0,0))
((14,7,0) (20,13,7) (0,0,0))
((7,14,0) (13,20,7) (0,0,0))
((7,7,0) (13,13,7) (0,0,0))
((0,0,152) (6,6,159) (0,0,0))
((0,0,144) (6,6,151) (0,0,0))
((0,0,136) (6,6,143) (0,0,0))
((0,0,128) (6,6,135) (0,0,0))
((0,0,120) (6,6,127) (0,0,0))
((0,0,112) (6,6,119) (0,0,0))
((0,0,104) (6,6,111) (0,0,0))
((0,0,96) (6,6,103) (0,0,0))
((0,0,88) (6,6,95) (0,0,0))
((0,0,80) (6,6,87) (0,0,0))
((0,0,72) (6,6,79) (0,0,0))
((0,0,64) (6,6,71) (0,0,0))
((0,0,56) (6,6,63) (0,0,0))
((0,0,48) (6,6,55) (0,0,0))
((0,0,40) (6,6,47) (0,0,0))
((0,0,32) (6,6,39) (0,0,0))
((0,0,24) (6,6,31) (0,0,0))
((0,0,16) (6,6,23) (0,0,0))
((0,0,8) (6,6,15) (0,0,0))
((14,0,152) (20,6,159) (0,0,0))
((14,0,144) (20,6,151) (0,0,0))
((14,0,136) (20,6,143) (0,0,0))
((14,0,128) (20,6,135) (0,0,0))
((14,0,120) (20,6,127) (0,0,0))
((14,0,112) (20,6,119) (0,0,0))
((14,0,104) (20,6,111) (0,0,0))
((14,0,96) (20,6,103) (0,0,0))
((14,0,88) (20,6,95) (0,0,0))
((14,0,80) (20,6,87) (0,0,0))
((14,0,72) (20,6,79) (0,0,0))
((14,0,64) (20,6,71) (0,0,0))
((14,0,56) (20,6,63) (0,0,0))
((14,0,48) (20,6,55) (0,0,0))
((14,0,40) (20,6,47) (0,0,0))
((14,0,32) (20,6,39) (0,0,0))
((14,0,24) (20,6,31) (0,0,0))
((14,0,16) (20,6,23) (0,0,0))
((14,0,8) (20,6,15) (0,0,0))
((7,0,152) (13,6,159) (0,0,0))
((7,0,144) (13,6,151) (0,0,0))
((7,0,136) (13,6,143) (0,0,0))
((7,0,128) (13,6,135) (0,0,0))
((7,0,120) (13,6,127) (0,0,0))
((7,0,112) (13,6,119) (0,0,0))
((7,0,104) (13,6,111) (0,0,0))
((7,0,96) (13,6,103) (0,0,0))
((7,0,88) (13,6,95) (0,0,0))
((7,0,80) (13,6,87) (0,0,0))
((7,0,72) (13,6,79) (0,0,0))
((7,0,64) (13,6,71) (0,0,0))
((7,0,56) (13,6,63) (0,0,0))
((7,0,48) (13,6,55) (0,0,0))
((7,0,40) (13,6,47) (0,0,0))
((7,0,32) (13,6,39) (0,0,0))
((7,0,24) (13,6,31) (0,0,0))
((7,0,16) (13,6,23) (0,0,0))
((7,0,8) (13,6,15) (0,0,0))
((0,14,152) (6,20,159) (0,0,0))
((0,14,144) (6,20,151) (0,0,0))
((0,14,136) (6,20,143) (0,0,0))
((0,14,128) (6,20,135) (0,0,0))
((0,14,120) (6,20,127) (0,0,0))
((0,14,112) (6,20,119) (0,0,0))
((0,14,104) (6,20,111) (0,0,0))
((0,14,96) (6,20,103) (0,0,0))
((0,14,88) (6,20,95) (0,0,0))
((0,14,80) (6,20,87) (0,0,0))
((0,14,72) (6,20,79) (0,0,0))
((0,14,64) (6,20,71) (0,0,0))
((0,14,56) (6,20,63) (0,0,0))
((0,14,48) (6,20,55) (0,0,0))
((0,14,40) (6,20,47) (0,0,0))
((0,14,32) (6,20,39) (0,0,0))
((0,14,24) (6,20,31) (0,0,0))
((0,14,16) (6,20,23) (0,0,0))
((0,14,8) (6,20,15) (0,0,0))
((0,7,152) (6,13,159) (0,0,0))
((0,7,144) (6,13,151) (0,0,0))
((0,7,136) (6,13,143) (0,0,0))
((0,7,128) (6,13,135) (0,0,0))
((0,7,120) (6,13,127) (0,0,0))
((0,7,112) (6,13,119) (0,0,0))
((0,7,104) (6,13,111) (0,0,0))
((0,7,96) (6,13,103) (0,0,0))
((0,7,88) (6,13,95) (0,0,0))
((0,7,80) (6,13,87) (0,0,0))
((0,7,72) (6,13,79) (0,0,0))
((0,7,64) (6,13,71) (0,0,0))
((0,7,56) (6,13,63) (0,0,0))
((0,7,48) (6,13,55) (0,0,0))
((0,7,40) (6,13,47) (0,0,0))
((0,7,32) (6,13,39) (0,0,0))
((0,7,24) (6,13,31) (0,0,0))
((0,7,16) (6,13,23) (0,0,0))
((0,7,8) (6,13,15) (0,0,0))
((14,14,152) (20,20,159) (0,0,0))
((14,14,144) (20,20,151) (0,0,0))
((14,14,136) (20,20,143) (0,0,0))
((14,14,128) (20,20,135) (0,0,0))
((14,14,120) (20,20,127) (0,0,0))
((14,14,112) (20,20,119) (0,0,0))
((14,14,104) (20,20,111) (0,0,0))
((14,14,96) (20,20,103) (0,0,0))
((14,14,88) (20,20,95) (0,0,0))
((14,14,80) (20,20,87) (0,0,0))
((14,14,72) (20,20,79) (0,0,0))
((14,14,64) (20,20,71) (0,0,0))
((14,14,56) (20,20,63) (0,0,0))
((14,14,48) (20,20,55) (0,0,0))
((14,14,40) (20,20,47) (0,0,0))
((14,14,32) (20,20,39) (0,0,0))
((14,14,24) (20,20,31) (0,0,0))
((14,14,16) (20,20,23) (0,0,0))
((14,14,8) (20,20,15) (0,0,0))
((14,7,152) (20,13,159) (0,0,0))
((14,7,144) (20,13,151) (0,0,0))
((14,7,136) (20,13,143) (0,0,0))
((14,7,128) (20,13,135) (0,0,0))
((14,7,120) (20,13,127) (0,0,0))
((14,7,112) (20,13,119) (0,0,0))
((14,7,104) (20,13,111) (0,0,0))
((14,7,96) (20,13,103) (0,0,0))
((14,7,88) (20,13,95) (0,0,0))
((14,7,80) (20,13,87) (0,0,0))
((14,7,72) (20,13,79) (0,0,0))
((14,7,64) (20,13,71) (0,0,0))
((14,7,56) (20,13,63) (0,0,0))
((14,7,48) (20,13,55) (0,0,0))
((14,7,40) (20,13,47) (0,0,0))
((14,7,32) (20,13,39) (0,0,0))
((14,7,24) (20,13,31) (0,0,0))
((14,7,16) (20,13,23) (0,0,0))
((14,7,8) (20,13,15) (0,0,0))
((7,14,152) (13,20,159) (0,0,0))
((7,14,144) (13,20,151) (0,0,0))
((7,14,136) (13,20,143) (0,0,0))
((7,14,128) (13,20,135) (0,0,0))
((7,14,120) (13,20,127) (0,0,0))
((7,14,112) (13,20,119) (0,0,0))
((7,14,104) (13,20,111) (0,0,0))
((7,14,96) (13,20,103) (0,0,0))
((7,14,88) (13,20,95) (0,0,0))
((7,14,80) (13,20,87) (0,0,0))
((7,14,72) (13,20,79) (0,0,0))
((7,14,64) (13,20,71) (0,0,0))
((7,14,56) (13,20,63) (0,0,0))
((7,14,48) (13,20,55) (0,0,0))
((7,14,40) (13,20,47) (0,0,0))
((7,14,32) (13,20,39) (0,0,0))
((7,14,24) (13,20,31) (0,0,0))
((7,14,16) (13,20,23) (0,0,0))
((7,14,8) (13,20,15) (0,0,0))
((7,7,152) (13,13,159) (0,0,0))
((7,7,144) (13,13,151) (0,0,0))
((7,7,136) (13,13,143) (0,0,0))
((7,7,128) (13,13,135) (0,0,0))
((7,7,120) (13,13,127) (0,0,0))
((7,7,112) (13,13,119) (0,0,0))
((7,7,104) (13,13,111) (0,0,0))
((7,7,96) (13,13,103) (0,0,0))
((7,7,88) (13,13,95) (0,0,0))
((7,7,80) (13,13,87) (0,0,0))
((7,7,72) (13,13,79) (0,0,0))
((7,7,64) (13,13,71) (0,0,0))
((7,7,56) (13,13,63) (0,0,0))
((7,7,48) (13,13,55) (0,0,0))
((7,7,40) (13,13,47) (0,0,0))
((7,7,32) (13,13,39) (0,0,0))
((7,7,24) (13,13,31) (0,0,0))
((7,7,16) (13,13,23) (0,0,0))
((7,7,8) (13,13,15) (0,0,0))
)
180
FabOnDisk: Cell_D_00000 0
FabOnDisk: Cell_D_00000 12630
FabOnDisk: Cell_D_00000 25262
FabOnDisk: Cell_D_00000 37893
FabOnDisk: Cell_D_00000 50525
FabOnDisk: Cell_D_00000 63156
FabOnDisk: Cell_D_00000 75790
FabOnDisk: Cell_D_00000 88423
FabOnDisk: Cell_D_00000 101056
FabOnDisk: Cell_D_00003 0
FabOnDisk: Cell_D_00003 12634
FabOnDisk: Cell_D_00003 25268
FabOnDisk: Cell_D_00003 37902
FabOnDisk: Cell_D_00003 50536
FabOnDisk: Cell_D_00002 0
FabOnDisk: Cell_D_00002 12634
FabOnDisk: Cell_D_00002 25268
FabOnDisk: Cell_D_00002 37901
FabOnDisk: Cell_D_00002 50533
FabOnDisk: Cell_D_00001 0
FabOnDisk: Cell_D_00001 12632
FabOnDisk: Cell_D_00001 25264
FabOnDisk: Cell_D_00001 37896
FabOnDisk: Cell_D_00001 50528
FabOnDisk: Cell_D_00000 113688
FabOnDisk: Cell_D_00000 126320
FabOnDisk: Cell_D_00000 138952
FabOnDisk: Cell_D_00000 151584
FabOnDisk: Cell_D_00003 63170
FabOnDisk: Cell_D_00003 75806
FabOnDisk: Cell_D_00003 88442
FabOnDisk: Cell_D_00003 101078
FabOnDisk: Cell_D_00003 113714
FabOnDisk: Cell_D_00002 63165
FabOnDisk: Cell_D_00002 75801
FabOnDisk: Cell_D_00002 88437
FabOnDisk: Cell_D_00002 101072
FabOnDisk: Cell_D_00002 113706
FabOnDisk: Cell_D_00001 63160
FabOnDisk: Cell_D_00001 75794
FabOnDisk: Cell_D_00001 88428
FabOnDisk: Cell_D_00001 101062
FabOnDisk: Cell_D_00001 113696
FabOnDisk: Cell_D_00000 164215
FabOnDisk: Cell_D_00000 176849
FabOnDisk: Cell_D_00000 189483
FabOnDisk: Cell_D_00000 202117
FabOnDisk: Cell_D_00003 126350
FabOnDisk: Cell_D_00003 138985
FabOnDisk: Cell_D_00003 151620
FabOnDisk: Cell_D_00003 164255
FabOnDisk: Cell_D_00003 176890
FabOnDisk: Cell_D_00002 126340
FabOnDisk: Cell_D_00002 138975
FabOnDisk: Cell_D_00002 151610
FabOnDisk: Cell_D_00002 164244
FabOnDisk: Cell_D_00002 176877
FabOnDisk: Cell_D_00001 126330
FabOnDisk: Cell_D_00001 138963
FabOnDisk: Cell_D_00001 151596
FabOnDisk: Cell_D_00001 164229
FabOnDisk: Cell_D_00001 176862
FabOnDisk: Cell_D_00000 214750
FabOnDisk: Cell_D_00000 227383
FabOnDisk: Cell_D_00000 240016
FabOnDisk: Cell_D_00000 252649
FabOnDisk: Cell_D_00003 189525
FabOnDisk: Cell_D_00003 202161
FabOnDisk: Cell_D_00003 214797
FabOnDisk: Cell_D_00003 227433
FabOnDisk: Cell_D_00003 240069
FabOnDisk: Cell_D_00002 189510
FabOnDisk: Cell_D_00002 202146
FabOnDisk: Cell_D_00002 214782
FabOnDisk: Cell_D_00002 227417
FabOnDisk: Cell_D_00002 240051
FabOnDisk: Cell_D_00001 189495
FabOnDisk: Cell_D_00001 202129
FabOnDisk: Cell_D_00001 214763
FabOnDisk: Cell_D_00001 227397
FabOnDisk: Cell_D_00001 240031
FabOnDisk: Cell_D_00000 265281
FabOnDisk: Cell_D_00000 277915
FabOnDisk: Cell_D_00000 290549
FabOnDisk: Cell_D_00000 303183
FabOnDisk: Cell_D_00003 252705
FabOnDisk: Cell_D_00003 265340
FabOnDisk: Cell_D_00003 277975
FabOnDisk: Cell_D_00003 290610
FabOnDisk: Cell_D_00003 303245
FabOnDisk: Cell_D_00002 252685
FabOnDisk: Cell_D_00002 265320
FabOnDisk: Cell_D_00002 277955
FabOnDisk: Cell_D_00002 290589
FabOnDisk: Cell_D_00002 303222
FabOnDisk: Cell_D_00001 252665
FabOnDisk: Cell_D_00001 265298
FabOnDisk: Cell_D_00001 277931
FabOnDisk: Cell_D_00001 290564
FabOnDisk: Cell_D_00001 303197
FabOnDisk: Cell_D_00000 315816
FabOnDisk: Cell_D_00000 328449
FabOnDisk: Cell_D_00000 341082
FabOnDisk: Cell_D_00000 353715
FabOnDisk: Cell_D_00003 315880
FabOnDisk: Cell_D_00003 328518
FabOnDisk: Cell_D_00003 341156
FabOnDisk: Cell_D_00003 353794
FabOnDisk: Cell_D_00003 366432
FabOnDisk: Cell_D_00002 315855
FabOnDisk: Cell_D_00002 328493
FabOnDisk: Cell_D_00002 341131
FabOnDisk: Cell_D_00002 353768
FabOnDisk: Cell_D_00002 366404
FabOnDisk: Cell_D_00001 315830
FabOnDisk: Cell_D_00001 328466
FabOnDisk: Cell_D_00001 341102
FabOnDisk: Cell_D_00001 353738
FabOnDisk: Cell_D_00001 366374
FabOnDisk: Cell_D_00000 366347
FabOnDisk: Cell_D_00000 378983
FabOnDisk: Cell_D_00000 391619
FabOnDisk: Cell_D_00000 404255
FabOnDisk: Cell_D_00003 379070
FabOnDisk: Cell_D_00003 391707
FabOnDisk: Cell_D_00003 404344
FabOnDisk: Cell_D_00003 416981
FabOnDisk: Cell_D_00003 429618
FabOnDisk: Cell_D_00002 379040
FabOnDisk: Cell_D_00002 391677
FabOnDisk: Cell_D_00002 404314
FabOnDisk: Cell_D_00002 416950
FabOnDisk: Cell_D_00002 429585
FabOnDisk: Cell_D_00001 379010
FabOnDisk: Cell_D_00001 391645
FabOnDisk: Cell_D_00001 404280
FabOnDisk: Cell_D_00001 416915
FabOnDisk: Cell_D_00001 429550
FabOnDisk: Cell_D_00000 416890
FabOnDisk: Cell_D_00000 429525
FabOnDisk: Cell_D_00000 442160
FabOnDisk: Cell_D_00000 454795
FabOnDisk: Cell_D_00003 442255
FabOnDisk: Cell_D_00003 454892
FabOnDisk: Cell_D_00003 467529
FabOnDisk: Cell_D_00003 480166
FabOnDisk: Cell_D_00003 492803
FabOnDisk: Cell_D_00002 442220
FabOnDisk: Cell_D_00002 454857
FabOnDisk: Cell_D_00002 467494
FabOnDisk: Cell_D_00002 480130
FabOnDisk: Cell_D_00002 492765
FabOnDisk: Cell_D_00001 442185
FabOnDisk: Cell_D_00001 454820
FabOnDisk: Cell_D_00001 467455
FabOnDisk: Cell_D_00001 480090
FabOnDisk: Cell_D_00001 492725
FabOnDisk: Cell_D_00000 467429
FabOnDisk: Cell_D_00000 480064
FabOnDisk: Cell_D_00000 492699
FabOnDisk: Cell_D_00000 505334
FabOnDisk: Cell_D_00003 505440
FabOnDisk: Cell_D_00003 518076
FabOnDisk: Cell_D_00003 530712
FabOnDisk: Cell_D_00003 543348
FabOnDisk: Cell_D_00003 555984
FabOnDisk: Cell_D_00002 505400
FabOnDisk: Cell_D_00002 518036
FabOnDisk: Cell_D_00002 530672
FabOnDisk: Cell_D_00002 543307
FabOnDisk: Cell_D_00002 555941
FabOnDisk: Cell_D_00001 505360
FabOnDisk: Cell_D_00001 517994
FabOnDisk: Cell_D_00001 530628
FabOnDisk: Cell_D_00001 543262
FabOnDisk: Cell_D_00001 555896
FabOnDisk: Cell_D_00000 517968
FabOnDisk: Cell_D_00000 530602
FabOnDisk: Cell_D_00000 543236
FabOnDisk: Cell_D_00000 555870

180,4
-3.6561938042870881e+00,-1.8637446663994572e+00,-3.3340810741369835e+00,-3.0132819943086520e+00,
-2.6262065476181600e+00,-1.8935684096294374e+00,-4.7707783582078331e+00,-3.5502823406600621e+00,
-3.0924924893014856e+00,-1.8580878571847892e+00,-3.1955749632683466e+00,-2.0771336808481746e+00,
-3.5487697927220685e+00,-1.9506166530174307e+00,-2.8217796281119920e+00,-2.3386049311796779e+00,
-3.1462488584867967e+00,-2.5866031270662933e+00,-3.7620760894699163e+00,-2.5164441328902671e+00,
-3.4392691959228445e+00,-2.1393220141115865e+00,-3.2650040409735617e+00,-2.5714222667440665e+00,
-3.7739759376950284e+00,-2.5108598306294470e+00,-3.6115540259572532e+00,-2.4264114381880715e+00,
-2.9400469098954352e+00,-2.0243359836759351e+00,-3.5851836689957728e+00,-2.1093905658697159e+00,
-4.5727099075117730e+00,-2.3595416557405606e+00,-3.7232568358066667e+00,-2.5443205573486876e+00,
-3.8853089768316842e+00,-1.8340296999793650e+00,-4.3005450665126279e+00,-2.8674967629488348e+00,
-2.8441120285803461e+00,-2.2671446848499959e+00,-2.8979059042105262e+00,-2.6045698567679363e+00,
-2.9496174955279377e+00,-2.8873359375069376e+00,-4.2740652624144344e+00,-1.7787405892501686e+00,
-3.3977513355861224e+00,-2.1155839135360042e+00,-4.6574903426846124e+00,-2.0623330705643279e+00,
-3.5862198669092442e+00,-2.5906876601953894e+00,-3.1593800596551489e+00,-1.9178228783488702e+00,
-3.3513862417647546e+00,-2.0560443499923475e+00,-3.4636001441215210e+00,-2.0618632638306154e+00,
-3.6759227181724121e+00,-2.2178691200361800e+00,-3.5819581646023466e+00,-2.4361937535576628e+00,
-4.0847263244973409e+00,-2.7860213646570191e+00,-2.9643524243312336e+00,-2.1191060949440552e+00,
-3.3045081178601778e+00,-2.6973337408686624e+00,-3.1797809978178688e+00,-2.3421062295146884e+00,
-2.9378819680019324e+00,-2.8226417387116074e+00,-3.4473154448300463e+00,-1.9728345870398738e+00,
-3.0419164737488673e+00,-2.7180147977658078e+00,-4.0786625042090643e+00,-2.5042164986627435e+00,
-4.3491897386550455e+00,-1.6717524196077396e+00,-3.2135428798030352e+00,-2.0217581681841872e+00,
-3.3984419878732535e+00,-2.1637653749410082e+00,-3.2475279871206224e+00,-2.4140395318998626e+00,
-2.7889211569977008e+00,-2.0165170976515392e+00,-3.5838523447307304e+00,-2.0230249124701563e+00,
-4.0989683687610361e+00,-2.7812122913784965e+00,-4.4179094595969950e+00,-1.9695816134238882e+00,
-3.3256515599737138e+00,-2.7383016525287558e+00,-3.3239131682798617e+00,-2.6040510040526508e+00,
-3.8186636513464247e+00,-2.8994918037122672e+00,-3.2819618176142771e+00,-2.0577011114241657e+00,
-3.0721462922409670e+00,-2.8934551746307577e+00,-3.2659436473579637e+00,-2.8351761767131385e+00,
-3.0333080399846652e+00,-2.4580931690978991e+00,-3.0674489797267528e+00,-2.2985451535196653e+00,
-3.1580291440587258e+00,-3.4197378298305141e+00,-4.0329940985799713e+00,-1.6931042330791326e+00,
-3.6135387200387297e+00,-2.1585499195793401e+00,-3.5150421796131313e+00,-1.8063433159934970e+00,
-4.3474079896704323e+00,-2.8478827936677469e+00,-3.6713169457771970e+00,-2.2588143409678332e+00,
-4.1334558720146539e+00,-2.5154527208720552e+00,-3.3812658615456241e+00,-2.3982616751979209e+00,
-3.0139673198694168e+00,-2.1114201011348999e+00,-3.4168788588589440e+00,-2.2604989580901815e+00,
-3.3175626466216732e+00,-2.4446035969261546e+00,-3.4813433540128145e+00,-2.2187575930051717e+00,
-4.0382856705384196e+00,-2.7665540192023808e+00,-3.8192926029617347e+00,-2.6420152575632061e+00,
-4.5349711465325617e+00,-2.5466525333319541e+00,-3.1214404139395691e+00,-3.2405414579457976e+00,
-3.8511528502953740e+00,-2.0769790278165323e+00,-3.5201542425873424e+00,-2.8796394950080968e+00,
-3.7716330950356203e+00,-2.0697154563769833e+00,-3.2243445663585413e+00,-2.8802175471122897e+00,
-3.8557466304489889e+00,-2.0270506737042786e+00,-3.2718232198844488e+00,-2.3192850683531829e+00,
-4.3256751417579444e+00,-2.1559693227657042e+00,-4.4334484165572290e+00,-2.5910109258000125e+00,
-3.3466157180346561e+00,-2.0448359346599254e+00,-3.5354874270475625e+00,-2.9660553533531102e+00,
-3.1740056531212524e+00,-3.1030057405955742e+00,-2.6898116193384154e+00,-1.6490299465682667e+00,
-3.7774960228248577e+00,-2.1577590938541609e+00,-3.7578816490441498e+00,-1.7914879922758615e+00,
-2.9043732761687426e+00,-2.1567885959249136e+00,-3.8513110055165458e+00,-2.2876032985849490e+00,
-3.9509912157077243e+00,-2.4740221558019244e+00,-2.8904431164154416e+00,-2.1697909040837544e+00,
-3.5515143420407917e+00,-3.1782824977334485e+00,-3.1396006442899895e+00,-2.4551339730344388e+00,
-3.8915698804378041e+00,-1.8755398689051841e+00,-3.3342168072398768e+00,-3.1296567236350517e+00,
-3.6982634166773911e+00,-2.1603455014908164e+00,-3.4655530368025671e+00,-2.2850511521370733e+00,
-4.3791117209759820e+00,-2.3973178624806519e+00,-4.1385856443946549e+00,-2.7881920309618846e+00,
-3.8593366188754561e+00,-2.7742055167106487e+00,-4.0165575568824936e+00,-2.6745813314381675e+00,
-2.9959541947933928e+00,-2.2090198181157690e+00,-3.5745912531137054e+00,-2.2491834903055024e+00,
-3.9322221897446643e+00,-2.9276022047240886e+00,-2.9742826382753438e+00,-2.4647115443019789e+00,
-3.7743112078326635e+00,-1.9084174238926119e+00,-4.7637484231202825e+00,-2.1061757512514472e+00,
-4.1220733392977573e+00,-2.2988928263203063e+00,-3.7929130708621033e+00,-2.3369107734458381e+00,
-3.0687756791080800e+00,-2.2075408099037022e+00,-3.3390089310390230e+00,-2.5767669493720358e+00,
-4.3341512955851824e+00,-2.2202232022795685e+00,-4.0997758753708338e+00,-2.1172553158079768e+00,
-4.0328405946066965e+00,-2.8628331502149140e+00,-4.1897880697001737e+00,-2.3733850114801669e+00,
-3.9815148605991579e+00,-2.2893866791825186e+00,-4.1291323358974665e+00,-3.1470202141357553e+00,
-3.7852670567364450e+00,-2.1948716977523834e+00,-3.2171496345362178e+00,-2.7519419214472216e+00,
-3.7285027505054678e+00,-1.9751478452626532e+00,-3.1690591338265226e+00,-2.2701742450991511e+00,
-3.2331090071547468e+00,-2.5770549726497451e+00,-3.7615493448689685e+00,-3.0460906248536244e+00,
-3.9808236226244551e+00,-2.5866869558156265e+00,-4.7750614163321874e+00,-2.1759213223899661e+00,
-5.6908291693229689e+00,-2.2188888469187398e+00,-4.1584388614231758e+00,-2.5023962689356201e+00,
-3.1579992544536286e+00,-2.0585435016308669e+00,-3.7057678507550813e+00,-1.9139637293562959e+00,
-3.9878238512988786e+00,-2.0473091237206815e+00,-3.4869357098912950e+00,-2.1036246374853467e+00,
-3.7787911823173559e+00,-2.2151723844371842e+00,-4.1637343892291483e+00,-2.5515731290715031e+00,
-3.4264615321143914e+00,-2.0664092185928586e+00,-4.0530494608175944e+00,-2.5087849276922731e+00,
-3.1196935576858409e+00,-3.1304957713722152e+00,-4.2151062280681275e+00,-2.1595259682050116e+00,
-3.1036462272763718e+00,-2.6959122632844332e+00,-3.2950997370751276e+00,-2.0441596421557664e+00,
-2.8412662649201654e+00,-1.8086106540229505e+00,-3.1636401685568858e+00,-2.7221869791105640e+00,
-2.8110807177172097e+00,-1.6792239263739530e+00,-2.8838754931255934e+00,-3.0473292158659180e+00,
-3.3480067980144961e+00,-2.8509766600726696e+00,-2.7338572359067399e+00,-2.7326420848987949e+00,
-3.6488901832472243e+00,-2.5975333208193079e+00,-3.4134846956561513e+00,-2.0435396945025053e+00,
-3.9094335985642426e+00,-1.9612603771079349e+00,-3.8484947519666703e+00,-3.7668830742944501e+00,
-3.3240605252941418e+00,-2.2333285563471210e+00,-3.9947883263158599e+00,-2.4425278847843352e+00,
-3.5482047627399789e+00,-2.1856740537332007e+00,-3.0630170016719505e+00,-2.4325615380627301e+00,
-3.5273748931976860e+00,-2.4209278710810427e+00,-3.2629767397718399e+00,-2.7053432746429649e+00,
-4.0904622629431628e+00,-2.7274269016743928e+00,-3.1586483278504920e+00,-1.9501249099639091e+00,
-3.3046234178686387e+00,-2.5043653207898520e+00,-3.0321261189640238e+00,-2.6488252183203507e+00,
-3.5692516468740916e+00,-2.1305609263744438e+00,-2.9212682010993918e+00,-2.1688077294090027e+00,
-3.8983266628666970e+00,-2.5935993432533468e+00,-3.2732694069189670e+00,-2.7162730881018922e+00,
-4.8761460686614670e+00,-2.6488489967759361e+00,-3.2371892268067488e+00,-3.6587739110802797e+00,
-4.5751118146347691e+00,-2.6841634538439534e+00,-4.1996655146201824e+00,-3.1572822066038024e+00,
-3.0385180296693837e+00,-2.2810861796977058e+00,-3.5664006936960617e+00,-2.6613266135117808e+00,
-3.9356462733985573e+00,-2.3111470366914189e+00,-3.6162071590058988e+00,-2.0248222478379025e+00,
-3.7876857863945648e+00,-2.7061736126657308e+00,-3.6372354726028249e+00,-2.5895692261228538e+00,
-3.1693466481471559e+00,-2.3977098442098352e+00,-4.4950598651905977e+00,-2.3310953124596656e+00,
-3.1673997654629207e+00,-2.1413062616763896e+00,-4.6114643926884877e+00,-2.3959241906926874e+00,
-4.1114526299740435e+00,-2.1785053993130248e+00,-3.0730174038926155e+00,-2.0286545184803018e+00,
-3.8508524233594565e+00,-1.9658152670929538e+00,-3.6181962394569083e+00,-2.4146218001891020e+00,
-2.9771947290131555e+00,-2.3312170271732371e+00,-3.5064623266571129e+00,-2.2864810567678693e+00,
-3.4304626122258530e+00,-2.6032499140651963e+00,-3.4720261307089229e+00,-3.2404041324616957e+00,
-4.3371960929851348e+00,-2.5503417019564223e+00,-3.6161794635852598e+00,-2.5105411442248249e+00,
-4.4743323316713690e+00,-1.8068147269586485e+00,-2.7254887344349026e+00,-2.6852623864400802e+00,
-4.2824183090227086e+00,-2.8389289524914676e+00,-3.4088010054220641e+00,-3.2759672550117385e+00,
-3.0058917700903831e+00,-3.2306555546483171e+00,-2.8030782581123921e+00,-3.7717889748461162e+00,
-3.1578182572744771e+00,-2.4356376782160143e+00,-4.3833801589289454e+00,-2.2558339128617848e+00,
-4.3427474677316402e+00,-2.5886170236718509e+00,-3.3004292756518154e+00,-2.7742208664013823e+00,
-3.4137187142597267e+00,-2.1226002505751342e+00,-3.1909515041010792e+00,-2.3260805783840799e+00,
-3.7719948551798903e+00,-2.3369681882204145e+00,-3.5603678921102513e+00,-2.9212997372333946e+00,
-4.7910246323519310e+00,-2.6962686571090240e+00,-4.0652340960979059e+00,-2.5177598872495452e+00,
-3.9901221012159835e+00,-2.1284517638737759e+00,-3.5919108095273309e+00,-2.4103633798141160e+00,
-3.1666174200228210e+00,-2.1477737578136651e+00,-4.8964696005628250e+00,-2.0478310075150632e+00,
-4.4112150752323256e+00,-2.3637197502171898e+00,-4.6245587654062081e+00,-2.1214785322872349e+00,
-3.4690714732359229e+00,-2.7909367068177016e+00,-3.4554689174973934e+00,-1.7624136120129947e+00,
-5.3236224613535397e+00,-1.8646112385380222e+00,-4.0053649308784669e+00,-2.4980310588336447e+00,
-3.7249590433877824e+00,-1.9655489937008499e+00,-4.0055111531867436e+00,-1.7409775306756039e+00,
-3.4130944630608502e+00,-1.8478764367632361e+00,-4.6383710449413735e+00,-2.1210975729836443e+00,
-3.6146570775243005e+00,-1.9116263679248588e+00,-5.1958088618378522e+00,-1.7103216921501041e+00,
-4.2047871478850603e+00,-1.8148609540523604e+00,-3.7153335179370499e+00,-1.7500938155238166e+00,
-3.5884205449490461e+00,-1.8204208889024158e+00,-3.8286081383752602e+00,-2.6513682952685862e+00,
-3.6946172049478219e+00,-1.9720917526826680e+00,-3.5353688984107920e+00,-3.0987710554339687e+00,
-3.5134052620167320e+00,-2.2049641223961225e+00,-3.9895024424530829e+00,-1.7994490655207118e+00,
-4.0223243210205455e+00,-2.4098713503324700e+00,-3.3160882856449589e+00,-1.8792237516258405e+00,
-5.4574521534646427e+00,-2.1528497548911916e+00,-3.1189950255319947e+00,-2.4333006411798874e+00,
-3.3447688207461277e+00,-2.0184302010828414e+00,-3.4880988976200182e+00,-2.3023298154543435e+00,
-3.5553231142967063e+00,-2.7273112207388990e+00,-3.7240381346540259e+00,-2.8449757375307576e+00,
-2.9696084608661724e+00,-2.1960447204140405e+00,-3.4255365117337369e+00,-3.1289857503696585e+00,
-3.1760630051186003e+00,-2.7180044445522324e+00,-3.8051726257696483e+00,-2.1196811001793590e+00,
-3.6266406450186719e+00,-2.4903276659702631e+00,-3.5830774441883806e+00,-2.4505504851345044e+00,
-3.4898607772530408e+00,-2.9741055674705144e+00,-3.4147721488670890e+00,-2.8113400914040669e+00,
-3.5300587248221937e+00,-2.0077655280805136e+00,-4.0327025244659165e+00,-2.2867337323846053e+00,
-3.5474723878775305e+00,-2.5326618275363981e+00,-4.6096142480479934e+00,-3.0730651280972721e+00,
-3.9513257747799093e+00,-3.0047272924121593e+00,-4.0243527405290447e+00,-1.8867717664883004e+00,
-3.4932517847970002e+00,-3.4654132959807900e+00,-3.2489600263595642e+00,-1.7856364944853935e+00,
-2.8826659466057540e+00,-2.7864493998150213e+00,-3.1660762217884471e+00,-2.3110151678486237e+00,
-4.5725889454221997e+00,-3.7669293946866707e+00,-3.8109315715683492e+00,-2.6346200137106432e+00,
-4.1360477312369577e+00,-3.5344185079301593e+00,-3.0561426038141701e+00,-2.0696368345967775e+00,
-3.3661224448317735e+00,-2.1154313936082834e+00,-3.2007200415313721e+00,-2.2011708218795092e+00,
-4.0685144927298644e+00,-2.2938120690027053e+00,-3.3188659450071576e+00,-1.7432901203141089e+00,
-3.7858935830899254e+00,-2.1942700522292173e+00,-2.8735748336474689e+00,-2.4023766124771497e+00,
-3.6841176187729472e+00,-2.0831298309844311e+00,-4.0862464746537892e+00,-2.4429786672248981e+00,
-3.7258881380582709e+00,-3.9511024310896743e+00,-5.5199297000220051e+00,-2.7258720588913099e+00,
-3.2513990000334698e+00,-2.1903636892617997e+00,-3.1690824280600718e+00,-2.7976498221221577e+00,
-4.9945214763937029e+00,-2.0658541314040360e+00,-3.2466447396635263e+00,-2.2265073580854122e+00,
-3.6981797805742804e+00,-2.4832759316768689e+00,-2.8615665761421347e+00,-2.4847602321146418e+00,
-3.1861319455326753e+00,-1.5875945678861516e+00,-3.7882787650921008e+00,-1.9305662514607227e+00,
-5.0849043819149307e+00,-1.9436916721472999e+00,-4.3357304560995793e+00,-3.3097106092141453e+00,
-4.5074284920403818e+00,-2.4909646543349977e+00,-3.3360641487561060e+00,-2.2045965557981679e+00,
-4.1193725633858103e+00,-3.0341770036622542e+00,-3.6392678611119234e+00,-2.5117489817166261e+00,
-3.1700382924936581e+00,-3.0958756995303101e+00,-4.4991615495477451e+00,-2.2062044246593175e+00,
-3.1561342496447322e+00,-2.2597849692267751e+00,-3.5705980481601256e+00,-2.2199743871032589e+00,
-4.5012540889581754e+00,-2.3578909810988709e+00,-4.7560478127955168e+00,-1.8558735853734947e+00,
-3.9039642054078350e+00,-2.4920368761640943e+00,-3.8741789186169138e+00,-1.9457030391916497e+00,
-3.6901410091876210e+00,-2.1859300889222069e+00,-4.1793051042676659e+00,-2.8896642003908348e+00,
-4.9879153882381804e+00,-1.9477616231076154e+00,-3.6134124062777291e+00,-2.2474818831377918e+00,
-3.2811812143751458e+00,-2.1364933109556321e+00,-3.4124130985346826e+00,-2.4848380942491914e+00,
-4.0195318042327717e+00,-2.2971741483989607e+00,-3.0686841403932723e+00,-2.3005674532219440e+00,
-3.8784671592933346e+00,-2.6133688938035537e+00,-4.8945159093481543e+00,-2.4719046122852188e+00,
-4.1315830410637284e+00,-2.6097042555771948e+00,-4.5613376821386966e+00,-2.6045582586657954e+00,
-4.8448712378181984e+00,-3.3518102514505124e+00,-4.3984202284044276e+00,-2.3220544489748631e+00,
-3.4527140574795236e+00,-3.5418979969466586e+00,-3.8465785523293143e+00,-2.6490875159358622e+00,
-3.2155614582924827e+00,-2.3502520300779501e+00,-5.6616312579849302e+00,-2.4082130703036109e+00,
-3.6523598265404313e+00,-2.7945582772982434e+00,-3.3482874051542644e+00,-3.2075245836831381e+00,
-3.5891235649939417e+00,-2.0953578157717785e+00,-3.8321366371889201e+00,-1.8063086609055663e+00,
-3.0510707234644401e+00,-2.5614062046903290e+00,-4.5058139356163798e+00,-2.1294643733965244e+00,
-2.9396270612298032e+00,-2.8908910357095192e+00,-4.0004118302637268e+00,-2.7976314609833950e+00,
-3.9995959555750500e+00,-3.3288980133446446e+00,-3.9576817281638359e+00,-2.4657046759661365e+00,
-4.4958161745616207e+00,-3.1676486057358093e+00,-3.6241145351729971e+00,-2.1824643393636971e+00,
-4.5971587892341352e+00,-2.6020429795898288e+00,-5.8070262582694250e+00,-2.9134433925367440e+00,
-4.0236728760399316e+00,-2.0609944202810415e+00,-3.5327975068177038e+00,-2.3856649231746667e+00,
-3.1396609040790855e+00,-1.7637189590255908e+00,-3.7794227700277676e+00,-1.7847415951028425e+00,
-3.8771704505644244e+00,-1.8945767316574629e+00,-3.3026395026894266e+00,-2.0705285954492245e+00,
-3.2623344680578836e+00,-2.3678371130642630e+00,-3.3079125068685231e+00,-2.1041215380249301e+00,
-2.8585398540832148e+00,-2.1706910354261364e+00,-3.9198798913611896e+00,-2.2763501274900619e+00,
-3.1515717406622188e+00,-2.0933679102309428e+00,-2.8179802109479004e+00,-1.5170527318362474e+00,
-3.0389737098441825e+00,-2.2395579593773385e+00,-3.0011155332245583e+00,-2.0879503120030689e+00,
-2.8424662362928195e+00,-2.0305853444232764e+00,-4.4080916079307091e+00,-2.2292701935891941e+00,
-2.9136778518767565e+00,-2.4147926633523564e+00,-3.2103008567452824e+00,-2.5600560501511165e+00,
-3.9988251153009204e+00,-2.5722172149090650e+00,-4.1488530307394491e+00,-3.0776693528243193e+00,
-3.6927548836589987e+00,-3.2649883727767408e+00,-3.8491674155023539e+00,-3.0049733489146400e+00,
-3.4988390765897286e+00,-2.6705895191711044e+00,-3.6474565242856780e+00,-2.3546353282381065e+00,
-4.3414945593472423e+00,-2.9076750221667136e+00,-2.9335050788762995e+00,-2.4278267022616791e+00,
-4.5981362236087922e+00,-1.8232196742542979e+00,-3.4366272585998852e+00,-2.4063964932725566e+00,
-3.2219351657019701e+00,-2.7132896337667045e+00,-4.2061543271623583e+00,-2.0274837567109834e+00,
-2.7517440124301533e+00,-2.5770156177223389e+00,-3.7753346891273400e+00,-2.9011982743469855e+00,
-3.8125861241015300e+00,-1.9710500401978723e+00,-3.1071854103278556e+00,-2.6980971190987595e+00,
-3.7131438980461584e+00,-2.2343993041759900e+00,-3.2517006563409354e+00,-3.0350776636750099e+00,
-4.4901521361592254e+00,-2.2057929205305631e+00,-3.9430957264237847e+00,-2.2376196840891018e+00,
-2.7207640547593521e+00,-2.1495518255502555e+00,-4.0303356591095287e+00,-3.0377772120041202e+00,

180,4
3.3206588344256582e+00,2.3329667870515385e+00,3.1837058267674534e+00,2.2049807320176540e+00,
4.6007577559056401e+00,2.5751207861126795e+00,3.4304718732256947e+00,2.0969144495692418e+00,
3.5219362241693877e+00,2.4948733712652866e+00,3.3562020894281366e+00,2.6755959953689517e+00,
3.8433681810737799e+00,2.7868743020890352e+00,3.5455798580278457e+00,2.9130646827195075e+00,
3.4006189636964712e+00,2.6412190938095055e+00,3.7450373842116598e+00,2.7864718892010099e+00,
4.4724471706443394e+00,2.3645126015167253e+00,3.8174672645345242e+00,2.1431103362231840e+00,
4.0632197358824786e+00,2.6582846559704341e+00,3.8787016639455025e+00,2.1890318037512069e+00,
3.7078297636737458e+00,2.6333642702489466e+00,3.9198053889549906e+00,2.0987091308617063e+00,
3.8670344169981474e+00,2.8274357422132219e+00,4.0762813634712787e+00,2.6798910339519977e+00,
3.0861395742830284e+00,2.1936955316390994e+00,3.7646964190562104e+00,2.4776513797348865e+00,
3.5819497140870640e+00,1.6142546165151699e+00,5.8241832297101066e+00,2.2806688799492947e+00,
3.7436898131179257e+00,2.4337122390991750e+00,3.0322950413999590e+00,3.1371527512717385e+00,
3.8388650280504688e+00,2.8611682292307976e+00,3.3114027974027218e+00,2.4662180361204378e+00,
4.4436338043553780e+00,3.0891993829595576e+00,3.6894281100104909e+00,2.3509099780477452e+00,
4.3255901402858461e+00,3.0414440694794744e+00,3.9056211110984647e+00,2.5467181996752433e+00,
3.7878387448947444e+00,2.7785026781158400e+00,3.4905841240003066e+00,2.5016555578964210e+00,
4.1766131791335370e+00,2.9509706395099742e+00,3.2492697471677388e+00,2.1959155488792907e+00,
3.8495747580304167e+00,2.5052679191036256e+00,4.0775498707675020e+00,1.8265760917849201e+00,
3.1065566905787478e+00,2.0884502500388087e+00,3.4326827027405926e+00,2.8504893866693481e+00,
3.8598069158767836e+00,2.3338733647888890e+00,3.2295392253251398e+00,2.3753905269457505e+00,
3.9315996331844012e+00,3.0277095378076675e+00,3.4635392066546511e+00,2.9695551969317684e+00,
3.0193493900855120e+00,2.5630880008988122e+00,3.5714609199721830e+00,2.3472730091129748e+00,
3.7061429132089923e+00,2.1318150964786757e+00,3.5743785412870630e+00,2.4098688380780060e+00,
2.9703629780072678e+00,2.4621111737635091e+00,3.3116370842924487e+00,2.8354862128023108e+00,
4.5288971328246062e+00,2.3170565967759988e+00,3.9833325741534562e+00,2.5646994795239078e+00,
4.0437018401512184e+00,1.7609818644420416e+00,4.4379365505375183e+00,2.5161649001039783e+00,
3.5091142162890629e+00,2.4849187347051949e+00,3.5306451655082398e+00,1.9415864870063628e+00,
3.2776336834939732e+00,3.7077889326879254e+00,3.4496574414469148e+00,2.2833524032402512e+00,
3.8661117739059239e+00,2.4229987326095710e+00,4.6123760082766703e+00,2.4750895157658599e+00,
3.6419261845304858e+00,1.9641126337686543e+00,4.1058656179017810e+00,3.0007672821975548e+00,
2.8086128082385633e+00,2.3245565522834331e+00,3.4898987605989156e+00,2.9101304366669378e+00,
3.2823206234691575e+00,2.1766300266941569e+00,3.1160019871593749e+00,2.0224267445470292e+00,
4.2765043805607075e+00,2.3712744778047683e+00,3.5394626711523847e+00,2.2715250556455162e+00,
3.6343190534249037e+00,2.2618204311291135e+00,3.2446291819762427e+00,2.1145328575863922e+00,
4.3908443212607127e+00,2.6073215390692095e+00,4.0328554348133911e+00,1.7209393806607969e+00,
3.8626567509084917e+00,1.9883028622546692e+00,4.5107150294770912e+00,1.9617019238736864e+00,
3.6907339525038081e+00,2.2124232598169820e+00,3.5782303973169141e+00,1.9276083550959016e+00,
3.3204820504784682e+00,1.8380221961071748e+00,4.5972669402644835e+00,2.9026270293331624e+00,
4.0505253807364623e+00,2.8460078637150237e+00,4.4269786115447980e+00,2.4665962545516300e+00,
3.3468134675079830e+00,2.0100590808346164e+00,3.9534529996389609e+00,2.4456956372668084e+00,
3.3275918937315221e+00,3.0717271925607177e+00,3.6559280761706554e+00,1.8248383244270805e+00,
4.2223157517068701e+00,2.9975549785905100e+00,5.1646675790507910e+00,2.4465894833566910e+00,
3.5163915210985190e+00,2.2621396712517603e+00,3.7403369249081191e+00,2.6003391581764466e+00,
2.9798009411395041e+00,3.2268441349263353e+00,4.1296441495879170e+00,2.6925587531918418e+00,
3.8335376085352832e+00,2.1780777995156848e+00,3.6575290062324100e+00,2.7561894276634131e+00,
3.6018596810577761e+00,2.1938871976323280e+00,5.2362867677281750e+00,2.1721077516384510e+00,
3.5834889790929783e+00,2.9061686487991061e+00,3.4200875354173075e+00,1.9143675485133573e+00,
3.1338508137141536e+00,2.3269268269594545e+00,4.6563713038833221e+00,2.3518381206038441e+00,
3.6240457626872495e+00,2.1449998078656618e+00,3.7277065053694782e+00,3.3311173698407921e+00,
3.9393448345230659e+00,1.9159831747363560e+00,3.9608268859894324e+00,2.5712530363516559e+00,
3.5843420771051151e+00,1.9132548877785300e+00,3.8484410794750197e+00,2.7840555390849873e+00,
3.9929787619760004e+00,1.9920472137753640e+00,4.2069392726583326e+00,2.5239548864638612e+00,
3.9602536824600159e+00,1.6528721149931782e+00,3.7847415488047544e+00,2.5379351142573827e+00,
3.6519080332979410e+00,3.3409637090910156e+00,3.5386716423347604e+00,2.5811699776185089e+00,
3.5243118000294893e+00,2.6003973555366433e+00,3.3497624942552311e+00,2.6628999985010697e+00,
3.9396267778769154e+00,1.7736506534503085e+00,3.2700507467985602e+00,2.1592815849904228e+00,
2.8182334657544343e+00,2.6004357788786350e+00,4.7368850354070657e+00,2.5061243143576757e+00,
3.2242074361639270e+00,3.2374248241434693e+00,3.4686588756442669e+00,2.6140508194176268e+00,
4.0883084099929814e+00,1.8946462485535793e+00,3.7292193268079030e+00,2.5883252913463668e+00,
3.7981314118893033e+00,2.3465796804399206e+00,3.9414843752894106e+00,2.3891059218751587e+00,
3.3626120264371697e+00,1.8560061211973535e+00,3.4943579899407062e+00,1.8431488109480518e+00,
4.2418809460028015e+00,2.1766997724420958e+00,2.4178018098772158e+00,2.6173437571761617e+00,
3.7523531753249584e+00,2.0918996891286996e+00,3.2680079274336475e+00,2.9305085055767561e+00,
4.4477888334170057e+00,2.9015628505742734e+00,3.5497188387571303e+00,2.9614762579532123e+00,
4.5377384322905341e+00,2.7985351867578290e+00,3.6330919145825251e+00,2.5153334884651146e+00,
3.9376476716809337e+00,2.4291501505520299e+00,3.9936425283098904e+00,2.1189883343960969e+00,
3.4834847103771351e+00,2.6169212712521612e+00,3.6639052802851664e+00,1.9613779527367685e+00,
3.9735371045156964e+00,1.7223542811313013e+00,4.3467344939666015e+00,2.0310180532997353e+00,
3.5635380674101698e+00,2.2130108800471957e+00,4.2628109001500825e+00,2.0897154812751082e+00,
3.8114358891820612e+00,2.8969667631714251e+00,3.5281191375470895e+00,2.8073390892035421e+00,
4.3705195963090810e+00,2.8931297817307633e+00,3.9927406263793612e+00,2.7523896294289134e+00,
4.7328672674004109e+00,2.0410268213125136e+00,4.6731587216218244e+00,1.7865374140480945e+00,
4.0604838470640585e+00,1.9285320898654372e+00,3.7690033812932784e+00,2.1574046178972641e+00,
4.1956236924962553e+00,2.0761321509653174e+00,3.1556160015711558e+00,2.1901524095861999e+00,
3.9288716107207873e+00,2.6348313014209701e+00,3.6188113957472603e+00,2.9122911454411362e+00,
4.3451956133064371e+00,2.2227549616209408e+00,4.9791245065394554e+00,1.9849499820563625e+00,
3.5859114698488694e+00,1.7664597241088424e+00,3.7013755261723396e+00,2.4422873217169685e+00,
4.1409088522025250e+00,1.6193363139973391e+00,4.6535537190504614e+00,3.2750099189447552e+00,
3.8370549818667636e+00,2.2583007250624174e+00,4.1393791826826387e+00,3.5836880150128709e+00,
3.9128197412788506e+00,2.2370092729603872e+00,3.8617735729377132e+00,2.8364450794776124e+00,
3.2491001004302418e+00,2.0954112412355470e+00,3.5182732986312546e+00,2.8072517803264265e+00,
2.6486832032180607e+00,2.5296962258860263e+00,4.0608844620998443e+00,2.6384838756010116e+00,
3.7218162691778414e+00,1.7601439148401639e+00,3.5994163330039908e+00,1.8597538319064408e+00,
3.5583676891821354e+00,1.7573488405252558e+00,2.9981541359025456e+00,2.0280540701601479e+00,
5.0598755972310059e+00,3.0607642692900283e+00,3.7218507265091585e+00,2.3645653030326268e+00,
3.7139757150835728e+00,2.2490563466981941e+00,4.5314338324782772e+00,1.9801079428431727e+00,
3.8848171669081646e+00,1.9242041294747971e+00,3.7920326507443298e+00,2.4889008923060438e+00,
2.6490570510718281e+00,2.6837761332858374e+00,3.3692522122390267e+00,2.2554264953153988e+00,
3.3786318347639517e+00,2.8880446867819671e+00,3.5809810160692175e+00,2.0344089312297737e+00,
4.0292951165188828e+00,2.4215229337805955e+00,3.4591989831045731e+00,2.0389622242625598e+00,
3.6204297799476337e+00,1.9691669606243583e+00,4.0171311664851030e+00,2.3773667509160021e+00,
2.8538639495760569e+00,2.2354302584423693e+00,4.0725430003939529e+00,2.4420473573327359e+00,
3.8123877875638876e+00,2.3821286213773938e+00,3.7800071348519295e+00,2.0963384615091538e+00,
4.1798880604773085e+00,1.9293545934906480e+00,4.0178946163584870e+00,2.6042894919890691e+00,
3.6401945950712480e+00,2.4337580881255310e+00,3.2762609280643691e+00,2.2886204076238603e+00,
4.5017513425215814e+00,2.0136777955192526e+00,2.9141526822720141e+00,1.9387906490174640e+00,
3.8880715839006079e+00,2.2564184218641130e+00,3.9621366190282519e+00,2.2261798235392187e+00,
4.3277241337195891e+00,2.8962582293106198e+00,3.7563194987260271e+00,2.6038068737072364e+00,
4.2187729548285899e+00,2.9776702810694040e+00,3.9606199572769616e+00,2.2369478134721712e+00,
3.7908411774792001e+00,3.0271759303804764e+00,3.8738336191449196e+00,2.2047483590139660e+00,
3.9757758800640230e+00,1.9636157267997825e+00,3.7572919494430308e+00,2.0228845295992031e+00,
3.9684299233536016e+00,2.1767986631980398e+00,3.5915849983755872e+00,1.8563669205885271e+00,
3.8481857759232923e+00,2.5176209131351577e+00,4.1304010907625974e+00,1.9201195295014324e+00,
3.6649632266633607e+00,2.5325787953241137e+00,3.7012325460879008e+00,2.8311704769616868e+00,
3.2125064393296148e+00,2.6011094008841567e+00,2.8012899039389976e+00,3.1817815697519807e+00,
3.5174246173725159e+00,2.1441528038902851e+00,3.8331237316273556e+00,2.6319932938746620e+00,
4.2994220596335984e+00,2.6333850479092940e+00,2.9621399226118936e+00,2.8012717859028933e+00,
4.1454488674714902e+00,2.1237941311802180e+00,3.7714011552387436e+00,2.3071738491367975e+00,
3.9759663220150769e+00,2.7401497263880970e+00,3.4153924316275925e+00,2.9513226908630008e+00,
4.1141289483101717e+00,2.1417606626860137e+00,3.5941241636596066e+00,3.0765146523741058e+00,
3.4456887139317405e+00,2.3915197371423789e+00,2.8516126942149542e+00,2.7883226531443919e+00,
3.0474273655980584e+00,2.1866338096374451e+00,4.5386909086982481e+00,2.2218354004460172e+00,
3.4998420930719814e+00,2.5890346994708611e+00,3.8279512005152636e+00,2.6051485623073769e+00,
4.4617523730477151e+00,1.9922948499830455e+00,5.2485833467654937e+00,2.1969759807006390e+00,
3.9654380485375147e+00,2.2255427977690072e+00,3.8929166450250410e+00,2.7333867341514777e+00,
3.5266489102455028e+00,2.0220645914704969e+00,4.7013973505494606e+00,2.2343244521445276e+00,
3.1368904308820942e+00,2.7620895726661745e+00,3.5922021785476375e+00,2.3160223255435857e+00,
3.6506716948884761e+00,1.8488203589912693e+00,3.5101180343576659e+00,2.3978844350545274e+00,
3.1284417634927797e+00,2.1750207285111136e+00,3.7278787563943463e+00,2.2516927558215176e+00,
3.4498862483777408e+00,2.0570268551330959e+00,4.2427210761436163e+00,1.4678763073881831e+00,
2.9022153867598002e+00,1.5096767791050056e+00,4.3400153268017254e+00,1.8422090804257891e+00,
3.4395125022803019e+00,1.9107212874506088e+00,3.2866996723838593e+00,2.0730015791976188e+00,
3.0104007798994621e+00,1.9862911021732050e+00,3.1008485414807696e+00,2.3400646159575911e+00,
3.1821347262255175e+00,2.4180174477519363e+00,4.2086187620096469e+00,2.6971253750462245e+00,
4.0488173401614356e+00,2.5033480811335664e+00,3.9199484147837738e+00,3.3633274669604454e+00,
5.3643031238390000e+00,2.3699140882887844e+00,4.6723725684656383e+00,2.9043653414054336e+00,
3.5435651525278429e+00,2.1667209009912805e+00,4.5974104166225143e+00,2.4387515750540123e+00,
3.6203345515818364e+00,2.8253663022388884e+00,3.1616300780105426e+00,2.4122465124648751e+00,
4.0880128776345375e+00,2.3407375515318565e+00,3.4718441536955331e+00,2.5981625866742863e+00,
3.6741257604861701e+00,2.7503584717232101e+00,3.1964853897402206e+00,2.2007733200552200e+00,
4.2318859868082184e+00,2.4740745544567559e+00,3.2237362892470722e+00,2.2179304172903080e+00,
5.1782726049043246e+00,2.7172300918461896e+00,3.6819156111618998e+00,2.1122583393525414e+00,
4.1836171183478266e+00,2.2713060991931844e+00,4.2143296867647422e+00,2.1260408425465891e+00,
4.4546653743005953e+00,2.3401321806553890e+00,5.6617878673125981e+00,1.3813307396282315e+00,
4.1000855749719811e+00,2.2252382368968924e+00,3.1700179136551387e+00,2.4958381193381034e+00,
3.7819596840893945e+00,2.5129635682728049e+00,3.6598644882522406e+00,2.1405622987507793e+00,
3.6147363587356445e+00,2.8088105066956048e+00,4.3543325773737900e+00,2.1703037389357758e+00,
3.3445750372464378e+00,2.7334054375338979e+00,4.3259722184778644e+00,1.8159232221287902e+00,
3.5612719753915623e+00,2.3872344346335916e+00,3.2703746768415161e+00,2.9429878912417164e+00,
4.1852803238173601e+00,1.9252689327113406e+00,3.4527112396856738e+00,3.1884100002710776e+00,
3.6320681448348617e+00,2.5767081004110626e+00,2.8015401337360855e+00,1.9897989681610040e+00,
4.1340742434427842e+00,2.1331387331705671e+00,4.0421551695602647e+00,2.2695121497634525e+00,
4.6362819027535469e+00,2.5937685530308929e+00,4.7694270031147861e+00,2.4610481279704128e+00,
4.1942281572463083e+00,3.1710346347236569e+00,2.9401363938915934e+00,2.3904316541410560e+00,
3.3265396310942288e+00,3.2635454559073995e+00,4.1627699330100691e+00,2.2294429749938307e+00,
3.4981453824011215e+00,2.9492830963416066e+00,3.5785168498198874e+00,2.7165090996565842e+00,
3.6886338991432082e+00,2.2037947957650514e+00,4.3580020276787224e+00,2.4143268255422092e+00,
3.3535765082895721e+00,2.6686587789748626e+00,3.8238872699936706e+00,2.0506115716668964e+00,
3.8706103767921971e+00,1.9921978392049422e+00,4.2297573918526279e+00,1.9703884353980767e+00,
3.4341162060496084e+00,2.1068088924312476e+00,3.3628634966587065e+00,2.4064220354198884e+00,
3.3524377563953069e+00,1.9687638915132670e+00,3.3197387661249924e+00,2.2626846537478733e+00,
4.1467868637801599e+00,2.0371614265040972e+00,2.7348746906070445e+00,2.5820314584833715e+00,
5.3109237223110544e+00,2.7119853607855711e+00,3.4695823941955344e+00,2.4835435206018373e+00,
3.3872684978932974e+00,2.0392232640486321e+00,4.6987140218298107e+00,2.1044235530268987e+00,
3.6660365804570523e+00,2.5088563073442920e+00,4.6144335989762588e+00,2.4455079775970865e+00,
3.5869110375702888e+00,3.0461688938100293e+00,3.6486021814031999e+00,2.0182692750717806e+00,
4.5458570796392017e+00,3.2838560475028800e+00,3.2133868974466400e+00,2.4009411690635414e+00,
3.4956649413249119e+00,2.0316291035652716e+00,3.2150417296576044e+00,2.0997106363436737e+00,
3.0931521996823159e+00,1.9406372837345887e+00,3.8118659810969717e+00,2.7876718437572592e+00,
2.9289386504554882e+00,2.7058105061426505e+00,3.0545603113372488e+00,2.3714391100952747e+00,
3.3936951873134742e+00,2.7117411222928487e+00,3.4099140218837549e+00,2.2742691777329687e+00,
4.5430030729994408e+00,2.6352064216252136e+00,2.8849127809792590e+00,2.3328768669242450e+00,
3.8448569114061559e+00,2.3947645437386220e+00,3.7837818171039412e+00,2.7054928278585630e+00,
5.5596449742765275e+00,2.9668654988771035e+00,3.9949296538250536e+00,2.5262103445407380e+00,
4.0364553494779258e+00,2.4274935335169205e+00,3.6878656401676619e+00,2.8699547028400039e+00,
3.6969814906159368e+00,2.3171402361092621e+00,4.2486683392763380e+00,2.9069290465293505e+00,
4.1345688595402033e+00,2.0826816461045996e+00,3.8762185019879922e+00,3.6692906369953047e+00,
3.8506805416510099e+00,2.2673671229963563e+00,4.4612227722340645e+00,3.2545660089550288e+00,
2.8507992639953970e+00,1.6569107240652143e+00,3.7630708089511224e+00,2.0725145646786070e+00,
4.3531135557163783e+00,2.3291388731677269e+00,5.5903109441483521e+00,3.2241589775830888e+00,
4.2040629616596954e+00,2.2618041043171093e+00,3.8460401223562881e+00,2.0772834553490416e+00,
4.8895115292409175e+00,2.1455611584271712e+00,3.8856501869503064e+00,2.5267148848344076e+00,
4.3294079657278273e+00,2.2854069438619753e+00,3.9233762732513724e+00,1.9030450290628060e+00,
4.3043436897206275e+00,2.3378960539642892e+00,4.1641072637624701e+00,2.0530163737606149e+00,
4.0128929878512158e+00,2.1033980166185109e+00,3.8634854488954047e+00,1.9035409405319497e+00,
4.3525158466977585e+00,2.2544592380108370e+00,2.8797044559460576e+00,2.5218282423805154e+00,
4.2493857693987067e+00,3.0062122149942794e+00,3.7999684860450200e+00,2.8491487937279896e+00,
3.5528449952523826e+00,2.5943523684167413e+00,4.0458782469775141e+00,2.6043834817666740e+00,
3.8031487836069311e+00,1.9680342126153736e+00,4.1627980081223903e+00,2.7013859805306875e+00,
5.4967843446939675e+00,2.3149448864943931e+00,4.2770988187414822e+00,2.4739108868852253e+00,

