1
1
4
0
(90 0
((0,0,0) (6,6,7) (0,0,0))
((14,0,0) (20,6,7) (0,0,0))
((7,0,0) (13,6,7) (0,0,0))
((0,14,0) (6,20,7) (0,0,0))
((0,7,0) (6,13,7) (0,0,0))
((14,14,0) (20,20,7) (0,0,0))
((14,7,0) (20,13,7) (0,0,0))
((7,14,0) (13,20,7) (0,0,0))
((7,7,0) (13,13,7) (0,0,0))
((0,0,72) (6,6,79) (0,0,0))
((0,0,64) (6,6,71) (0,0,0))
((0,0,56) (6,6,63) (0,0,0))
((0,0,48) (6,6,55) (0,0,0))
((0,0,40) (6,6,47) (0,0,0))
((0,0,32) (6,6,39) (0,0,0))
((0,0,24) (6,6,31) (0,0,0))
((0,0,16) (6,6,23) (0,0,0))
((0,0,8) (6,6,15) (0,0,0))
((14,0,72) (20,6,79) (0,0,0))
((14,0,64) (20,6,71) (0,0,0))
((14,0,56) (20,6,63) (0,0,0))
((14,0,48) (20,6,55) (0,0,0))
((14,0,40) (20,6,47) (0,0,0))
((14,0,32) (20,6,39) (0,0,0))
((14,0,24) (20,6,31) (0,0,0))
((14,0,16) (20,6,23) (0,0,0))
((14,0,8) (20,6,15) (0,0,0))
((7,0,72) (13,6,79) (0,0,0))
((7,0,64) (13,6,71) (0,0,0))
((7,0,56) (13,6,63) (0,0,0))
((7,0,48) (13,6,55) (0,0,0))
((7,0,40) (13,6,47) (0,0,0))
((7,0,32) (13,6,39) (0,0,0))
((7,0,24) (13,6,31) (0,0,0))
((7,0,16) (13,6,23) (0,0,0))
((7,0,8) (13,6,15) (0,0,0))
((0,14,72) (6,20,79) (0,0,0))
((0,14,64) (6,20,71) (0,0,0))
((0,14,56) (6,20,63) (0,0,0))
((0,14,48) (6,20,55) (0,0,0))
((0,14,40) (6,20,47) (0,0,0))
((0,14,32) (6,20,39) (0,0,0))
((0,14,24) (6,20,31) (0,0,0))
((0,14,16) (6,20,23) (0,0,0))
((0,14,8) (6,20,15) (0,0,0))
((0,7,72) (6,13,79) (0,0,0))
((0,7,64) (6,13,71) (0,0,0))
((0,7,56) (6,13,63) (0,0,0))
((0,7,48) (6,13,55) (0,0,0))
((0,7,40) (6,13,47) (0,0,0))
((0,7,32) (6,13,39) (0,0,0))
((0,7,24) (6,13,31) (0,0,0))
((0,7,16) (6,13,23) (0,0,0))
((0,7,8) (6,13,15) (0,0,0))
((14,14,72) (20,20,79) (0,0,0))
((14,14,64) (20,20,71) (0,0,0))
((14,14,56) (20,20,63) (0,0,0))
((14,14,48) (20,20,55) (0,0,0))
((14,14,40) (20,20,47) (0,0,0))
((14,14,32) (20,20,39) (0,0,0))
((14,14,24) (20,20,31) (0,0,0))
((14,14,16) (20,20,23) (0,0,0))
((14,14,8) (20,20,15) (0,0,0))
((14,7,72) (20,13,79) (0,0,0))
((14,7,64) (20,13,71) (0,0,0))
((14,7,56) (20,13,63) (0,0,0))
((14,7,48) (20,13,55) (0,0,0))
((14,7,40) (20,13,47) (0,0,0))
((14,7,32) (20,13,39) (0,0,0))
((14,7,24) (20,13,31) (0,0,0))
((14,7,16) (20,13,23) (0,0,0))
((14,7,8) (20,13,15) (0,0,0))
((7,14,72) (13,20,79) (0,0,0))
((7,14,64) (13,20,71) (0,0,0))
((7,14,56) (13,20,63) (0,0,0))
((7,14,48) (13,20,55) (0,0,0))
((7,14,40) (13,20,47) (0,0,0))
((7,14,32) (13,20,39) (0,0,0))
((7,14,24) (13,20,31) (0,0,0))
((7,14,16) (13,20,23) (0,0,0))
((7,14,8) (13,20,15) (0,0,0))
((7,7,72) (13,13,79) (0,0,0))
((7,7,64) (13,13,71) (0,0,0))
((7,7,56) (13,13,63) (0,0,0))
((7,7,48) (13,13,55) (0,0,0))
((7,7,40) (13,13,47) (0,0,0))
((7,7,32) (13,13,39) (0,0,0))
((7,7,24) (13,13,31) (0,0,0))
((7,7,16) (13,13,23) (0,0,0))
((7,7,8) (13,13,15) (0,0,0))
)
90
FabOnDisk: Cell_D_00002 0
FabOnDisk: Cell_D_00002 12630
FabOnDisk: Cell_D_00002 25262
FabOnDisk: Cell_D_00002 37893
FabOnDisk: Cell_D_00002 50525
FabOnDisk: Cell_D_00002 63156
FabOnDisk: Cell_D_00002 75790
FabOnDisk: Cell_D_00002 88423
FabOnDisk: Cell_D_00002 101056
FabOnDisk: Cell_D_00001 0
FabOnDisk: Cell_D_00001 12632
FabOnDisk: Cell_D_00003 0
FabOnDisk: Cell_D_00003 12632
FabOnDisk: Cell_D_00003 25264
FabOnDisk: Cell_D_00000 0
FabOnDisk: Cell_D_00000 12632
FabOnDisk: Cell_D_00002 113688
FabOnDisk: Cell_D_00002 126320
FabOnDisk: Cell_D_00001 25264
FabOnDisk: Cell_D_00001 37898
FabOnDisk: Cell_D_00001 50532
FabOnDisk: Cell_D_00003 37896
FabOnDisk: Cell_D_00003 50530
FabOnDisk: Cell_D_00000 25264
FabOnDisk: Cell_D_00000 37898
FabOnDisk: Cell_D_00000 50532
FabOnDisk: Cell_D_00002 138951
FabOnDisk: Cell_D_00001 63166
FabOnDisk: Cell_D_00001 75799
FabOnDisk: Cell_D_00003 63164
FabOnDisk: Cell_D_00003 75797
FabOnDisk: Cell_D_00003 88430
FabOnDisk: Cell_D_00000 63166
FabOnDisk: Cell_D_00000 75799
FabOnDisk: Cell_D_00002 151584
FabOnDisk: Cell_D_00002 164217
FabOnDisk: Cell_D_00001 88432
FabOnDisk: Cell_D_00001 101066
FabOnDisk: Cell_D_00001 113700
FabOnDisk: Cell_D_00003 101063
FabOnDisk: Cell_D_00003 113697
FabOnDisk: Cell_D_00000 88432
FabOnDisk: Cell_D_00000 101066
FabOnDisk: Cell_D_00000 113700
FabOnDisk: Cell_D_00002 176849
FabOnDisk: Cell_D_00001 126334
FabOnDisk: Cell_D_00001 138967
FabOnDisk: Cell_D_00003 126331
FabOnDisk: Cell_D_00003 138964
FabOnDisk: Cell_D_00003 151597
FabOnDisk: Cell_D_00000 126334
FabOnDisk: Cell_D_00000 138967
FabOnDisk: Cell_D_00002 189482
FabOnDisk: Cell_D_00002 202115
FabOnDisk: Cell_D_00001 151600
FabOnDisk: Cell_D_00001 164236
FabOnDisk: Cell_D_00001 176872
FabOnDisk: Cell_D_00003 164230
FabOnDisk: Cell_D_00003 176866
FabOnDisk: Cell_D_00000 151600
FabOnDisk: Cell_D_00000 164236
FabOnDisk: Cell_D_00000 176872
FabOnDisk: Cell_D_00002 214747
FabOnDisk: Cell_D_00001 189508
FabOnDisk: Cell_D_00001 202143
FabOnDisk: Cell_D_00001 214778
FabOnDisk: Cell_D_00003 189502
FabOnDisk: Cell_D_00003 202137
FabOnDisk: Cell_D_00000 189508
FabOnDisk: Cell_D_00000 202143
FabOnDisk: Cell_D_00000 214778
FabOnDisk: Cell_D_00002 227382
FabOnDisk: Cell_D_00001 227413
FabOnDisk: Cell_D_00001 240048
FabOnDisk: Cell_D_00001 252683
FabOnDisk: Cell_D_00003 214772
FabOnDisk: Cell_D_00003 227407
FabOnDisk: Cell_D_00000 227413
FabOnDisk: Cell_D_00000 240048
FabOnDisk: Cell_D_00000 252683
FabOnDisk: Cell_D_00002 240016
FabOnDisk: Cell_D_00001 265318
FabOnDisk: Cell_D_00001 277952
FabOnDisk: Cell_D_00003 240042
FabOnDisk: Cell_D_00003 252676
FabOnDisk: Cell_D_00003 265310
FabOnDisk: Cell_D_00000 265318
FabOnDisk: Cell_D_00000 277952
FabOnDisk: Cell_D_00002 252650
FabOnDisk: Cell_D_00002 265284

90,4
-1.2853422992297077e+00,-9.9284957991669354e-01,-1.2977628330017055e+00,-9.9452274611037783e-01,
-1.1864591490220615e+00,-9.9814863191012038e-01,-1.2167689107972084e+00,-9.9579248800729347e-01,
-1.2098947730679968e+00,-9.9296264417785562e-01,-1.3363240509380452e+00,-9.9247934435197127e-01,
-1.1261025978090335e+00,-9.8622930578753865e-01,-1.1489000253737580e+00,-9.9754267195551805e-01,
-1.1706151212235119e+00,-9.8097025221302658e-01,-1.1443230962446853e+00,-9.8636143851979485e-01,
-1.2342399397509498e+00,-9.8846049118826773e-01,-1.2111150002985294e+00,-9.8613416772734341e-01,
-1.2760540165159096e+00,-9.8262145914557708e-01,-1.1649907394205770e+00,-9.8593594818547403e-01,
-1.1688279731252320e+00,-9.8487017652289943e-01,-1.1550249873332035e+00,-9.9201219659831030e-01,
-1.2553181509288835e+00,-9.9433099657840296e-01,-1.1614113806408957e+00,-9.9066772415632864e-01,
-1.1848810972885766e+00,-9.9074810020726078e-01,-1.2369219227596437e+00,-9.9754961357558480e-01,
-1.1214107013556143e+00,-9.9177934710788596e-01,-1.1918067003441892e+00,-9.6711097800187185e-01,
-1.1685589532980156e+00,-9.9471039091019120e-01,-1.2971708068943375e+00,-9.8706162268102415e-01,
-1.2245708264813173e+00,-9.7644583374038008e-01,-1.2403009221117864e+00,-9.8343033545200764e-01,
-1.2417717783573896e+00,-9.9148069581219334e-01,-1.2623985832798801e+00,-9.9950879281090610e-01,
-1.2794608415743254e+00,-9.9307914300898270e-01,-1.1458036933041078e+00,-9.8181231284676151e-01,
-1.1449628596696750e+00,-9.7829670668426660e-01,-1.1597493403230064e+00,-9.9070713287053069e-01,
-1.1787415650594046e+00,-9.9317544001888103e-01,-1.2387847654859518e+00,-9.8938001762051919e-01,
-1.1287931441699235e+00,-9.8800161013832111e-01,-1.1330146392328364e+00,-9.8898770491275922e-01,
-1.2544896871512103e+00,-9.8464343543616140e-01,-1.1653804084475636e+00,-9.8265945621984574e-01,
-1.1354515876341262e+00,-9.9702352421161655e-01,-1.3661507179869026e+00,-9.8057577840320509e-01,
-1.1964428168508532e+00,-9.7945309322766105e-01,-1.2326509198458888e+00,-9.8070351359715169e-01,
-1.1526589378245422e+00,-9.9048143825567592e-01,-1.1304476750098611e+00,-9.9359783343783037e-01,
-1.1532586100532813e+00,-9.6657715544632772e-01,-1.2193884759675941e+00,-9.8962764765307565e-01,
-1.3933583396546152e+00,-9.6854522687925815e-01,-1.1441982018917463e+00,-9.8698234903371629e-01,
-1.1736903176766571e+00,-9.8843816922464900e-01,-1.2128681442992062e+00,-9.9414781636739391e-01,
-1.2538105224255518e+00,-9.9356968148154656e-01,-1.1971626034178438e+00,-9.8138079096716491e-01,
-1.1063594224273738e+00,-9.9694659598668611e-01,-1.2035167110523333e+00,-9.8838495909863344e-01,
-1.1267473970746813e+00,-9.8555192959682769e-01,-1.3108261819677374e+00,-9.8532765475012007e-01,
-1.2118257785560720e+00,-9.7668981396065657e-01,-1.1675092357493184e+00,-9.9683845463739740e-01,
-1.2403717518044428e+00,-9.9448890295708203e-01,-1.2047463013566153e+00,-9.8279599380425231e-01,
-1.2436659293885224e+00,-9.7990981843561953e-01,-1.1208183001776513e+00,-9.9176289823914798e-01,
-1.1326686535944777e+00,-9.8620701170733382e-01,-1.2041839118768443e+00,-9.8466212323088176e-01,
-1.1566732625304315e+00,-9.7879689873788067e-01,-1.3238798740810027e+00,-9.8140934615268216e-01,
-1.2130787846816669e+00,-9.8893855098131167e-01,-1.1116344725247349e+00,-9.8810495206541005e-01,
-1.2794259348656998e+00,-9.8811748288260770e-01,-1.1713193697289146e+00,-9.8819044306902604e-01,
-1.2432991379851999e+00,-9.9016949275501043e-01,-1.2420710095516660e+00,-9.9697915902735712e-01,
-1.1258817589439853e+00,-9.8371581247248818e-01,-1.2298042578746917e+00,-9.9260488914558920e-01,
-1.2309843723460689e+00,-9.8253624731269462e-01,-1.1908584811095015e+00,-9.8111888387722768e-01,
-1.2114011463765408e+00,-9.9106618562794413e-01,-1.2707685811923823e+00,-9.9193479145980878e-01,
-1.1811069095155529e+00,-9.6733463527179087e-01,-1.3397006492767538e+00,-9.7792066262176802e-01,
-1.2600963883973550e+00,-9.8619264895992809e-01,-1.3527421611480683e+00,-9.8048453528396617e-01,
-1.2204815281453087e+00,-9.9068248261586489e-01,-1.2672191920590001e+00,-9.7738775497497365e-01,
-1.2444369824959953e+00,-9.9342287726630996e-01,-1.1700842923656332e+00,-9.8984756581626909e-01,
-1.3184827126270466e+00,-9.8624010433309794e-01,-1.2593322526505368e+00,-9.9160889197115276e-01,
-1.1744550311872120e+00,-9.7325637709552681e-01,-1.2657766513087227e+00,-9.9182990822386430e-01,
-1.2484863910192825e+00,-9.8667268700144184e-01,-1.1871503466889577e+00,-9.8447652824677101e-01,
-1.2506938460552881e+00,-9.7571064886367898e-01,-1.1018242662717168e+00,-9.7327483612844701e-01,
-1.1686678049711277e+00,-9.9740680619223154e-01,-1.2591533094567406e+00,-9.7973175853420924e-01,
-1.1780962522889804e+00,-9.8141216461624958e-01,-1.0817977644742660e+00,-9.9110464162939216e-01,
-1.1253071646867010e+00,-9.9471265015503485e-01,-1.0985646434279532e+00,-9.8745314261223671e-01,
-1.2253413436217604e+00,-9.8945042059661614e-01,-1.1914741930242110e+00,-9.8441177631998766e-01,
-1.1859768608592689e+00,-9.8984183399611014e-01,-1.2398412220568626e+00,-9.9096093214380543e-01,
-1.3284973056414804e+00,-9.8502796853908148e-01,-1.1815563601398666e+00,-9.8593674019908961e-01,
-1.3196314086169643e+00,-9.8656663581020743e-01,-1.1828501645429368e+00,-9.8055901832747328e-01,
-1.1958111409925534e+00,-9.8888726994236698e-01,-1.2003875066877903e+00,-9.8313899724742293e-01,
-1.1787955210110999e+00,-9.9538957208536549e-01,-1.1166343611536080e+00,-9.8049993757732912e-01,
-1.1208008911883802e+00,-9.7632657745047835e-01,-1.1403327321701273e+00,-9.9590413241528009e-01,
-1.3021843472203740e+00,-9.8803046444854625e-01,-1.1465239477809590e+00,-9.8660510609172936e-01,
-1.1456613089952228e+00,-9.8722309058019908e-01,-1.2952539914181598e+00,-9.7860221080264131e-01,
-1.1329299712291716e+00,-9.9448443477689485e-01,-1.1719657715840848e+00,-9.8948497083964448e-01,
-1.2613812317407138e+00,-9.8947643126172791e-01,-1.1309006577533300e+00,-9.8879055790989745e-01,
-1.0386635599579919e+00,-9.7981988700182032e-01,-1.2357899629540776e+00,-9.8920864920046692e-01,
-1.1672603840864635e+00,-9.8981747494554861e-01,-1.2337752893285576e+00,-9.8405176349131207e-01,
-1.2493927614210514e+00,-9.9197713909990692e-01,-1.2542998575003117e+00,-9.8402805221144052e-01,
-1.2047289462802193e+00,-9.8917978543901519e-01,-1.3314954827594867e+00,-9.9306923722628115e-01,
-1.1692366304881880e+00,-9.9734037207628035e-01,-1.1873374264539367e+00,-9.7358037148264798e-01,
-1.1907051996634974e+00,-9.8474571972642877e-01,-1.2334770151983052e+00,-9.8027254664742347e-01,
-1.1391006730176254e+00,-9.9298691249696114e-01,-1.1552815486304491e+00,-9.8091244819338363e-01,
-1.0921884309740570e+00,-9.7830921937616233e-01,-1.1858858855560424e+00,-9.8485184712836193e-01,
-1.2368367405471261e+00,-9.9528381653378661e-01,-1.1515815199277535e+00,-9.9826333022079083e-01,
-1.2038766646133512e+00,-9.5614935852752569e-01,-1.1518498582925132e+00,-9.8954844839926581e-01,
-1.2312059821200714e+00,-9.8570624335139390e-01,-1.1356932056447886e+00,-9.8417659107552236e-01,
-1.1453365444676447e+00,-9.8189285130370030e-01,-1.1838775337768939e+00,-9.8017520406857006e-01,
-1.2633683835820360e+00,-9.8544782209161830e-01,-1.1648949708499865e+00,-9.9243608528281579e-01,
-1.2416630228845147e+00,-9.9600755627990467e-01,-1.3584363070085950e+00,-9.7398358577757527e-01,
-1.2034842510194750e+00,-9.7923396053306211e-01,-1.1447381896573956e+00,-9.8699834871688841e-01,
-1.1973376862262421e+00,-9.8563242826628128e-01,-1.2801215454664601e+00,-9.9737170789426710e-01,
-1.1540749845059557e+00,-9.8706882739761226e-01,-1.2160829867205856e+00,-9.8350176873233142e-01,
-1.3416826711142462e+00,-9.9125541307686416e-01,-1.1541454008111185e+00,-9.8431067018815055e-01,
-1.1645555884277328e+00,-9.9357648822377487e-01,-1.1212394402896755e+00,-9.8879478577446400e-01,
-1.2003700080103588e+00,-9.8033559180041618e-01,-1.1663775526068123e+00,-9.7349478046109550e-01,
-1.1838322501002045e+00,-9.9270643685326543e-01,-1.1255838006922898e+00,-9.8558870372412954e-01,
-1.1627614743085612e+00,-9.9183666899669143e-01,-1.1566241266739461e+00,-9.9150314426804020e-01,
-1.1884851718519509e+00,-9.8816486612953447e-01,-1.2263719516537670e+00,-9.9480300930316490e-01,
-1.2542394995629573e+00,-9.9502988080562493e-01,-1.1909205174839343e+00,-9.6814087804077986e-01,
-1.2267819326754776e+00,-9.8492655281201824e-01,-1.1398351273771330e+00,-9.7866843023997618e-01,
-1.2429695729044894e+00,-9.8489616064955021e-01,-1.2433725281610928e+00,-9.8830138615421370e-01,
-1.2215093439614111e+00,-9.8901687840609831e-01,-1.3327130260741473e+00,-9.8487579915264767e-01,
-1.3167264615289411e+00,-9.9138836180295942e-01,-1.1271970966061577e+00,-9.8654304874975063e-01,
-1.2501547961549946e+00,-9.7822947340191913e-01,-1.0585766681767987e+00,-9.8942690703255021e-01,

90,4
1.1758804894551302e+00,9.8896687864736998e-01,1.2316887218496453e+00,9.7915426753786983e-01,
1.1964233994524569e+00,9.9863003550578666e-01,1.1499708445073002e+00,9.8201210709161224e-01,
1.0987287176752680e+00,9.8015583735121181e-01,1.0628575215554654e+00,9.9373442341646478e-01,
1.2228641420788240e+00,9.7341221328716176e-01,1.1700500390740274e+00,9.9534114861480050e-01,
1.3031282389071757e+00,9.8772016108515592e-01,1.2244937981745241e+00,9.9619155614136357e-01,
1.1908790234327442e+00,9.8995429639085109e-01,1.1207007130512843e+00,9.8900204222498078e-01,
1.2362698363946083e+00,9.9062138492898455e-01,1.1991087179360487e+00,9.8827142869906515e-01,
1.1923111674818296e+00,9.9616223191465791e-01,1.1354975268205312e+00,9.9387798057256205e-01,
1.2082773264606406e+00,9.8623849390075458e-01,1.1953891449053509e+00,9.5314520646505918e-01,
1.0322859476071216e+00,9.7810436443498683e-01,1.2366227324737573e+00,9.8022036160457493e-01,
1.2483446558480833e+00,9.8043299753415492e-01,1.2247643023021846e+00,9.9283148228368001e-01,
1.1503803144472782e+00,9.9631212939731550e-01,1.2273630935258897e+00,9.9496302328499542e-01,
1.1781256499542561e+00,9.9824751716907489e-01,1.1020976318584614e+00,9.9411803854278213e-01,
1.1964231567676213e+00,9.8308562798909660e-01,1.2623891896599224e+00,9.8805264128396431e-01,
1.2000460899348064e+00,9.7596615419010024e-01,1.2098116873843208e+00,9.7337544176569324e-01,
1.1266903684489524e+00,9.8722019574049802e-01,1.4813215006597766e+00,9.8419467656334392e-01,
1.1308942516755962e+00,9.9267755879237130e-01,1.1344395050181630e+00,9.8697425878836953e-01,
1.2072952800949373e+00,9.6142011104313996e-01,1.1561923633472404e+00,9.7813502246211848e-01,
1.1571990429654844e+00,1.0007984079162970e+00,1.1081565780629417e+00,9.9222703150473257e-01,
1.2552758950918557e+00,9.8619050606094172e-01,1.2860702902922669e+00,9.7485994351750149e-01,
1.3444946069709414e+00,9.8027825111629352e-01,1.1836541211452010e+00,9.9189847879272630e-01,
1.1376918515312220e+00,9.9752732108995912e-01,1.2118922260456235e+00,9.8151868024233679e-01,
1.0566897969120681e+00,9.8377100520201921e-01,1.2517993540320120e+00,9.9428539241984748e-01,
1.1648513761681243e+00,9.8746101205875403e-01,1.1398140085746207e+00,9.8819189502625027e-01,
1.1716757725013764e+00,9.9515111117592070e-01,1.1272945286053500e+00,9.9216056121304330e-01,
1.3916451097547662e+00,9.9215034543990743e-01,1.1505961412844645e+00,9.9326490493376751e-01,
1.1621091712669902e+00,9.8588676982942636e-01,1.1111558183351062e+00,9.8936018554428573e-01,
1.1686519621250993e+00,9.7854344827559592e-01,1.1591366043927098e+00,9.8800321877268382e-01,
1.1510507224118778e+00,9.7145493477383982e-01,1.2192843099475414e+00,9.8549984950075165e-01,
1.2414290834293145e+00,9.9286495304144029e-01,1.5008530028909801e+00,9.6324437137198293e-01,
1.2539125648765332e+00,9.9125034913554477e-01,1.2624653769594387e+00,9.9416696605492105e-01,
1.2503983944454535e+00,9.8335060142950437e-01,1.1473690193394055e+00,9.5809899019817868e-01,
1.2931580467883697e+00,9.8959273121515323e-01,1.2574331570926729e+00,9.7548715755539606e-01,
1.2071169835491646e+00,9.8709857604405860e-01,1.3904878403971499e+00,9.7962667148294535e-01,
1.2474331341319578e+00,9.9061346557142682e-01,1.1496008200566823e+00,9.6633377950270427e-01,
1.2072133475447726e+00,9.8365484293761141e-01,1.2309972394080737e+00,9.9051002168519464e-01,
1.1706793992824429e+00,9.9403618256645832e-01,1.2069525369398981e+00,9.8366939035035805e-01,
1.2488302484022820e+00,9.8726162850710442e-01,1.3324419473389026e+00,9.8792330037460441e-01,
1.1124586282875768e+00,9.8856446430592759e-01,1.1541770921225654e+00,9.8553915401684922e-01,
1.2397393644177919e+00,9.8977643877586252e-01,1.2830393635008466e+00,9.8962478357437822e-01,
1.2523976060663007e+00,9.8821403416875020e-01,1.1765388583353429e+00,9.8495891221769072e-01,
1.2182337904696754e+00,9.8676853805338083e-01,1.1271004669388627e+00,9.8651445640287061e-01,
1.2159214697617533e+00,9.8182134078690420e-01,1.1599390608787397e+00,9.7806845229404027e-01,
1.1934901665982232e+00,9.8156477781704532e-01,1.1893178171089498e+00,9.8382580020792088e-01,
1.2750051505076179e+00,9.8356186292261349e-01,1.1789319521122652e+00,9.8489118637722628e-01,
1.2744132961390020e+00,9.8792829749434707e-01,1.1973653541997669e+00,9.9411419159535530e-01,
1.1871386249721143e+00,9.8310173034745174e-01,1.1725031050588601e+00,9.8941674382359535e-01,
1.1656632594271810e+00,9.7696381101917107e-01,1.2296063619853044e+00,9.9262214463609133e-01,
1.1643879284828007e+00,9.9202679322670317e-01,1.2827167852928878e+00,9.9100937006881362e-01,
1.1359976465291763e+00,9.9341697824646735e-01,1.1704673846278377e+00,9.7958173972268880e-01,
1.1721364997379291e+00,9.7853487293823938e-01,1.2107210313160754e+00,9.8830780865802370e-01,
1.1747208343264723e+00,9.8148451900890721e-01,1.1182281316343561e+00,9.8801214904866030e-01,
1.1797038223781788e+00,9.9365943451064831e-01,1.1749899628585034e+00,9.8779205863248754e-01,
1.1264209453345031e+00,9.8706115636102776e-01,1.1732122340363620e+00,9.9227918696448092e-01,
1.2327083785102804e+00,9.9210291622134261e-01,1.1511132881782791e+00,9.8150524598672584e-01,
1.1558781263798379e+00,9.9025894384742374e-01,1.1547874530149873e+00,9.9532812761969558e-01,
1.1335445065810665e+00,9.8607143518248119e-01,1.1396864394285997e+00,9.9312999332446494e-01,
1.2161285865976781e+00,9.8678550557153799e-01,1.1946117311580455e+00,9.9637333973413811e-01,
1.1186669976454549e+00,9.9196058839733869e-01,1.1694319271586691e+00,9.9690627232150508e-01,
1.2086186944991189e+00,9.9267631970010495e-01,1.1635517380707914e+00,9.9080651234948736e-01,
1.3002932034059327e+00,9.8372926836540808e-01,1.2156763930782477e+00,9.9031863543424015e-01,
1.2102066217347738e+00,9.8546901226423678e-01,1.3487256015901168e+00,9.9521348117528841e-01,
1.1460483607019742e+00,9.8739582209479304e-01,1.1069599238088428e+00,9.7998983368829018e-01,
1.1464526088126568e+00,9.8903524414770017e-01,1.2966209877658250e+00,9.8518123371908251e-01,
1.3763285139458001e+00,9.8636188511436662e-01,1.1386141726097492e+00,9.8672120699583976e-01,
1.3304618123312995e+00,9.8583818576762039e-01,1.1693104136298988e+00,9.8703801472486219e-01,
1.3079780276186483e+00,9.9424243114437594e-01,1.2236683466885836e+00,9.8595658225243643e-01,
1.4291543008120646e+00,9.9087444367862731e-01,1.1765585602793038e+00,9.8883546657823895e-01,
1.2715541329619022e+00,9.7720527840271987e-01,1.1252532194150913e+00,9.9626432344979221e-01,
1.2274159549535235e+00,9.9134491490163723e-01,1.2373276709229495e+00,9.9507437454068759e-01,
1.3408770725867210e+00,9.8707508465776184e-01,1.1458875219918703e+00,9.9233695741211003e-01,
1.1276845578677062e+00,9.9278346504927484e-01,1.2804134513335050e+00,9.9105952255392782e-01,
1.2276743032864337e+00,9.8486415343716083e-01,1.2104453272856590e+00,9.9101179266171835e-01,
1.1518695672192254e+00,9.9246004861590076e-01,1.2478967137962507e+00,9.9048975770295500e-01,
1.2094519620228183e+00,9.8057708961954804e-01,1.2309903514007847e+00,9.9133598734792172e-01,
1.1252409914362191e+00,9.8061032245202595e-01,1.1207074459927571e+00,9.7710096427726023e-01,
1.2093695064242771e+00,9.8214525735146374e-01,1.2105765609754169e+00,9.9074471092372052e-01,
1.1642763098380011e+00,9.8949596960821629e-01,1.1810572966063710e+00,9.8417487692253536e-01,
1.2766838940138252e+00,9.8720540688121383e-01,1.2299386243131345e+00,9.9345449882949088e-01,
1.1817082673454684e+00,9.8346223839615343e-01,1.2919448820368338e+00,9.8727712590509831e-01,
1.2545382999840662e+00,9.9336701857335541e-01,1.2054656311929761e+00,9.9622494257539929e-01,
1.3926171624232799e+00,9.7994572742229025e-01,1.2511197466655968e+00,9.8109164936981252e-01,
1.1490557916223234e+00,9.8768346730448497e-01,1.1842638946282846e+00,9.7912824763926842e-01,
1.1715458070816203e+00,9.9380964468991639e-01,1.1425064461066630e+00,9.8651879325146541e-01,
1.0950170716665497e+00,9.9056455992999659e-01,1.2783563912174298e+00,9.7979341287291299e-01,
1.1299861700401366e+00,9.9253891354822488e-01,1.0829912424127108e+00,9.8422580229487289e-01,
1.1745188799622657e+00,9.9579356467705749e-01,1.0947860876782438e+00,9.8246596079489767e-01,
1.1837792293333962e+00,9.8216908873230480e-01,1.1644423395997114e+00,9.9979653358094389e-01,
1.2081366293464797e+00,9.9310180965493977e-01,1.1034821427894035e+00,9.7605992466504299e-01,
1.3220799172171442e+00,9.8544302234542103e-01,1.2493663635104675e+00,9.8374723852160939e-01,

