1
1
4
0
(90 0
((0,0,0) (6,6,7) (0,0,0))
((14,0,0) (20,6,7) (0,0,0))
((7,0,0) (13,6,7) (0,0,0))
((0,14,0) (6,20,7) (0,0,0))
((0,7,0) (6,13,7) (0,0,0))
((14,14,0) (20,20,7) (0,0,0))
((14,7,0) (20,13,7) (0,0,0))
((7,14,0) (13,20,7) (0,0,0))
((7,7,0) (13,13,7) (0,0,0))
((0,0,72) (6,6,79) (0,0,0))
((0,0,64) (6,6,71) (0,0,0))
((0,0,56) (6,6,63) (0,0,0))
((0,0,48) (6,6,55) (0,0,0))
((0,0,40) (6,6,47) (0,0,0))
((0,0,32) (6,6,39) (0,0,0))
((0,0,24) (6,6,31) (0,0,0))
((0,0,16) (6,6,23) (0,0,0))
((0,0,8) (6,6,15) (0,0,0))
((14,0,72) (20,6,79) (0,0,0))
((14,0,64) (20,6,71) (0,0,0))
((14,0,56) (20,6,63) (0,0,0))
((14,0,48) (20,6,55) (0,0,0))
((14,0,40) (20,6,47) (0,0,0))
((14,0,32) (20,6,39) (0,0,0))
((14,0,24) (20,6,31) (0,0,0))
((14,0,16) (20,6,23) (0,0,0))
((14,0,8) (20,6,15) (0,0,0))
((7,0,72) (13,6,79) (0,0,0))
((7,0,64) (13,6,71) (0,0,0))
((7,0,56) (13,6,63) (0,0,0))
((7,0,48) (13,6,55) (0,0,0))
((7,0,40) (13,6,47) (0,0,0))
((7,0,32) (13,6,39) (0,0,0))
((7,0,24) (13,6,31) (0,0,0))
((7,0,16) (13,6,23) (0,0,0))
((7,0,8) (13,6,15) (0,0,0))
((0,14,72) (6,20,79) (0,0,0))
((0,14,64) (6,20,71) (0,0,0))
((0,14,56) (6,20,63) (0,0,0))
((0,14,48) (6,20,55) (0,0,0))
((0,14,40) (6,20,47) (0,0,0))
((0,14,32) (6,20,39) (0,0,0))
((0,14,24) (6,20,31) (0,0,0))
((0,14,16) (6,20,23) (0,0,0))
((0,14,8) (6,20,15) (0,0,0))
((0,7,72) (6,13,79) (0,0,0))
((0,7,64) (6,13,71) (0,0,0))
((0,7,56) (6,13,63) (0,0,0))
((0,7,48) (6,13,55) (0,0,0))
((0,7,40) (6,13,47) (0,0,0))
((0,7,32) (6,13,39) (0,0,0))
((0,7,24) (6,13,31) (0,0,0))
((0,7,16) (6,13,23) (0,0,0))
((0,7,8) (6,13,15) (0,0,0))
((14,14,72) (20,20,79) (0,0,0))
((14,14,64) (20,20,71) (0,0,0))
((14,14,56) (20,20,63) (0,0,0))
((14,14,48) (20,20,55) (0,0,0))
((14,14,40) (20,20,47) (0,0,0))
((14,14,32) (20,20,39) (0,0,0))
((14,14,24) (20,20,31) (0,0,0))
((14,14,16) (20,20,23) (0,0,0))
((14,14,8) (20,20,15) (0,0,0))
((14,7,72) (20,13,79) (0,0,0))
((14,7,64) (20,13,71) (0,0,0))
((14,7,56) (20,13,63) (0,0,0))
((14,7,48) (20,13,55) (0,0,0))
((14,7,40) (20,13,47) (0,0,0))
((14,7,32) (20,13,39) (0,0,0))
((14,7,24) (20,13,31) (0,0,0))
((14,7,16) (20,13,23) (0,0,0))
((14,7,8) (20,13,15) (0,0,0))
((7,14,72) (13,20,79) (0,0,0))
((7,14,64) (13,20,71) (0,0,0))
((7,14,56) (13,20,63) (0,0,0))
((7,14,48) (13,20,55) (0,0,0))
((7,14,40) (13,20,47) (0,0,0))
((7,14,32) (13,20,39) (0,0,0))
((7,14,24) (13,20,31) (0,0,0))
((7,14,16) (13,20,23) (0,0,0))
((7,14,8) (13,20,15) (0,0,0))
((7,7,72) (13,13,79) (0,0,0))
((7,7,64) (13,13,71) (0,0,0))
((7,7,56) (13,13,63) (0,0,0))
((7,7,48) (13,13,55) (0,0,0))
((7,7,40) (13,13,47) (0,0,0))
((7,7,32) (13,13,39) (0,0,0))
((7,7,24) (13,13,31) (0,0,0))
((7,7,16) (13,13,23) (0,0,0))
((7,7,8) (13,13,15) (0,0,0))
)
90
FabOnDisk: Cell_D_00002 0
FabOnDisk: Cell_D_00002 12630
FabOnDisk: Cell_D_00002 25262
FabOnDisk: Cell_D_00002 37893
FabOnDisk: Cell_D_00002 50525
FabOnDisk: Cell_D_00002 63156
FabOnDisk: Cell_D_00002 75790
FabOnDisk: Cell_D_00002 88423
FabOnDisk: Cell_D_00002 101056
FabOnDisk: Cell_D_00001 0
FabOnDisk: Cell_D_00001 12632
FabOnDisk: Cell_D_00003 0
FabOnDisk: Cell_D_00003 12632
FabOnDisk: Cell_D_00003 25264
FabOnDisk: Cell_D_00000 0
FabOnDisk: Cell_D_00000 12632
FabOnDisk: Cell_D_00002 113688
FabOnDisk: Cell_D_00002 126320
FabOnDisk: Cell_D_00001 25264
FabOnDisk: Cell_D_00001 37898
FabOnDisk: Cell_D_00001 50532
FabOnDisk: Cell_D_00003 37896
FabOnDisk: Cell_D_00003 50530
FabOnDisk: Cell_D_00000 25264
FabOnDisk: Cell_D_00000 37898
FabOnDisk: Cell_D_00000 50532
FabOnDisk: Cell_D_00002 138951
FabOnDisk: Cell_D_00001 63166
FabOnDisk: Cell_D_00001 75799
FabOnDisk: Cell_D_00003 63164
FabOnDisk: Cell_D_00003 75797
FabOnDisk: Cell_D_00003 88430
FabOnDisk: Cell_D_00000 63166
FabOnDisk: Cell_D_00000 75799
FabOnDisk: Cell_D_00002 151584
FabOnDisk: Cell_D_00002 164217
FabOnDisk: Cell_D_00001 88432
FabOnDisk: Cell_D_00001 101066
FabOnDisk: Cell_D_00001 113700
FabOnDisk: Cell_D_00003 101063
FabOnDisk: Cell_D_00003 113697
FabOnDisk: Cell_D_00000 88432
FabOnDisk: Cell_D_00000 101066
FabOnDisk: Cell_D_00000 113700
FabOnDisk: Cell_D_00002 176849
FabOnDisk: Cell_D_00001 126334
FabOnDisk: Cell_D_00001 138967
FabOnDisk: Cell_D_00003 126331
FabOnDisk: Cell_D_00003 138964
FabOnDisk: Cell_D_00003 151597
FabOnDisk: Cell_D_00000 126334
FabOnDisk: Cell_D_00000 138967
FabOnDisk: Cell_D_00002 189482
FabOnDisk: Cell_D_00002 202115
FabOnDisk: Cell_D_00001 151600
FabOnDisk: Cell_D_00001 164236
FabOnDisk: Cell_D_00001 176872
FabOnDisk: Cell_D_00003 164230
FabOnDisk: Cell_D_00003 176866
FabOnDisk: Cell_D_00000 151600
FabOnDisk: Cell_D_00000 164236
FabOnDisk: Cell_D_00000 176872
FabOnDisk: Cell_D_00002 214747
FabOnDisk: Cell_D_00001 189508
FabOnDisk: Cell_D_00001 202143
FabOnDisk: Cell_D_00001 214778
FabOnDisk: Cell_D_00003 189502
FabOnDisk: Cell_D_00003 202137
FabOnDisk: Cell_D_00000 189508
FabOnDisk: Cell_D_00000 202143
FabOnDisk: Cell_D_00000 214778
FabOnDisk: Cell_D_00002 227382
FabOnDisk: Cell_D_00001 227413
FabOnDisk: Cell_D_00001 240048
FabOnDisk: Cell_D_00001 252683
FabOnDisk: Cell_D_00003 214772
FabOnDisk: Cell_D_00003 227407
FabOnDisk: Cell_D_00000 227413
FabOnDisk: Cell_D_00000 240048
FabOnDisk: Cell_D_00000 252683
FabOnDisk: Cell_D_00002 240016
FabOnDisk: Cell_D_00001 265318
FabOnDisk: Cell_D_00001 277952
FabOnDisk: Cell_D_00003 240042
FabOnDisk: Cell_D_00003 252676
FabOnDisk: Cell_D_00003 265310
FabOnDisk: Cell_D_00000 265318
FabOnDisk: Cell_D_00000 277952
FabOnDisk: Cell_D_00002 252650
FabOnDisk: Cell_D_00002 265284

90,4
-9.9920907138771220e-01,-9.9904236852378947e-01,-9.9608218573963814e-01,-9.9536325005438941e-01,
-9.8172875813633698e-01,-9.9886432252001467e-01,-9.9998696142948840e-01,-9.9945568535186080e-01,
-9.9795811851655247e-01,-9.9781598534714899e-01,-9.9682977111334714e-01,-9.9983269441144518e-01,
-9.9965549468920867e-01,-9.9647821655040181e-01,-9.9551431310947314e-01,-9.9997325745102539e-01,
-9.9882380612409283e-01,-9.9267973998203407e-01,-9.9684086562015106e-01,-9.9833023849334623e-01,
-9.9664816743554818e-01,-9.9246162903729229e-01,-9.9612360262084498e-01,-9.9287078001797713e-01,
-9.9595714712409589e-01,-9.9182346980716507e-01,-9.9632529875874332e-01,-9.9708279953427459e-01,
-9.9983381205939337e-01,-9.9768459184827474e-01,-9.9513076472867557e-01,-9.9977694847445886e-01,
-9.9532139213473592e-01,-9.9892396571965414e-01,-9.9509611742848014e-01,-9.9191605030533248e-01,
-9.9975283164053685e-01,-9.9691852909191492e-01,-9.9459404678680619e-01,-9.9906305824615171e-01,
-9.9829503897354299e-01,-9.9896167222197330e-01,-9.9545772400676447e-01,-9.7444891932221067e-01,
-9.9648737489507977e-01,-9.9999442487770540e-01,-9.9145798424741127e-01,-9.9799830433290948e-01,
-9.8383624793874991e-01,-9.9055254343051913e-01,-9.9661541781737240e-01,-9.9640920003959643e-01,
-9.9639378834433801e-01,-9.9896993694637048e-01,-9.9978215933423453e-01,-9.9903275146302917e-01,
-9.9763585690172130e-01,-9.9797343996426058e-01,-9.9882179727808496e-01,-9.9490692905872202e-01,
-9.8852987774385870e-01,-9.9283149420233452e-01,-9.9310697583518315e-01,-9.9506301630573857e-01,
-9.9891312033628332e-01,-9.9858264197549718e-01,-9.9443254178409435e-01,-9.9481975875334383e-01,
-9.9680378558315275e-01,-9.9618952689564289e-01,-9.9375698805936008e-01,-9.9803803805779856e-01,
-9.9373024403701105e-01,-9.9377707439584850e-01,-9.9385585012145106e-01,-9.9535181455250121e-01,
-9.9945494381614219e-01,-9.9978735839387922e-01,-9.8537323024006473e-01,-9.8528487304441648e-01,
-9.9546196972936474e-01,-9.9388998609183077e-01,-9.9945315239460597e-01,-9.9350572635425971e-01,
-9.9915553343052799e-01,-9.9391419130320968e-01,-9.9787734288555885e-01,-9.9995341804874949e-01,
-9.9992159514105183e-01,-9.8240893232683446e-01,-9.9441633394344453e-01,-9.9996530637733771e-01,
-9.9679522306105983e-01,-9.8340662854284233e-01,-9.8732792857902119e-01,-9.9810018060386374e-01,
-9.9471261139041245e-01,-9.9931679344782987e-01,-9.9606052585424554e-01,-9.9722670135780322e-01,
-9.9417868342955085e-01,-9.9694947624654229e-01,-9.9532504587390969e-01,-9.9361053849312442e-01,
-9.9859536141518068e-01,-9.9925873456480907e-01,-9.9850919981826780e-01,-9.9980896429004384e-01,
-9.8894286481412219e-01,-9.9054177178161673e-01,-9.9672930735046261e-01,-9.9389531861996760e-01,
-9.9272408967540737e-01,-9.8569771211368451e-01,-9.9906120038045521e-01,-9.9960848087236664e-01,
-9.9989985511058610e-01,-9.9787538347978733e-01,-9.7756070568514963e-01,-9.9325037564880081e-01,
-9.9725805496950926e-01,-9.8670831938922832e-01,-9.9982185940591473e-01,-9.9790699538538497e-01,
-9.7999215898519731e-01,-9.9748155241275549e-01,-9.9826001976307710e-01,-9.9453143416978007e-01,
-9.9062402172117581e-01,-9.9073826852151881e-01,-9.9486466342891011e-01,-9.9574357481972708e-01,
-9.9775220161164735e-01,-9.9696955721396463e-01,-9.9938710046904822e-01,-9.9892187805649224e-01,
-9.9988538969894580e-01,-9.9416018172737863e-01,-9.9926682783538723e-01,-9.8957198162523119e-01,
-9.9780477734211082e-01,-9.9798550283639653e-01,-9.9861240819839747e-01,-9.9709179184206109e-01,
-9.9946843660346329e-01,-9.9289376237363092e-01,-9.9687583014283343e-01,-9.9766768931363359e-01,
-9.9373411563024672e-01,-9.9997647896410058e-01,-9.8504646328584933e-01,-9.8655475106998081e-01,
-9.9360899836455852e-01,-9.9379218190930785e-01,-9.8021171499914617e-01,-9.9881590916492125e-01,
-9.9941149406969143e-01,-9.7248695779567329e-01,-9.9333928106554625e-01,-9.9165791276701731e-01,
-9.9624297350205093e-01,-9.9542097145641273e-01,-9.9429393344042971e-01,-9.9126686482189297e-01,
-9.9637686632131817e-01,-9.9692933270787643e-01,-9.9736893369159763e-01,-9.8943487281616160e-01,
-9.9887138174329426e-01,-9.9782154684368429e-01,-9.9858975421772334e-01,-9.9888936970738573e-01,
-9.7826503138198240e-01,-9.9336515091943078e-01,-9.8858636451478032e-01,-9.9996309087226187e-01,
-9.9230454583176042e-01,-9.9041938574694932e-01,-9.9040949804527678e-01,-9.9353764601697514e-01,
-9.9920376800863397e-01,-9.9476599247943498e-01,-9.9544589479046619e-01,-9.9484010423257230e-01,
-9.9181249972199170e-01,-9.9149485194807729e-01,-9.9455841882090978e-01,-9.8396675075074047e-01,
-9.9740333182177576e-01,-9.9641793260657463e-01,-9.9324906639092925e-01,-9.9195712248320211e-01,
-9.9773710559672379e-01,-9.9579412203705731e-01,-9.8367936365854813e-01,-9.9771430489284652e-01,
-9.9126219597904430e-01,-9.9862791372298632e-01,-9.9819817118923748e-01,-9.9270746529967935e-01,
-9.9500589980872634e-01,-9.9734462320442585e-01,-9.9251699659852000e-01,-9.9712266851363618e-01,
-9.9551431326873607e-01,-9.9639387510940913e-01,-9.9560328260977027e-01,-9.9855893784527938e-01,
-9.9927674252094711e-01,-9.9749756956150504e-01,-9.9977227292928661e-01,-9.8946488938950261e-01,
-9.9809132873813533e-01,-9.9617061372618576e-01,-9.9421608789170368e-01,-9.9589361348834815e-01,
-9.9819650693230633e-01,-9.9731988793544624e-01,-9.9593647021868870e-01,-9.9493690207610375e-01,
-9.9706085790912136e-01,-9.9984115939966622e-01,-9.9866270759017106e-01,-9.9440961029007369e-01,
-9.9960874548108636e-01,-9.8728988540011686e-01,-9.9772875828506258e-01,-9.9872084200631861e-01,
-9.9920874832614137e-01,-9.9595535632882726e-01,-9.9374316921202255e-01,-9.9979252875943114e-01,
-9.9865941407596759e-01,-9.9319528757421061e-01,-9.9458665582283134e-01,-9.9099992128004311e-01,
-9.9699966831569065e-01,-9.9987727083219302e-01,-9.9698737060614473e-01,-9.9371399549554396e-01,
-9.9933589593696137e-01,-9.9968471900024503e-01,-9.9090685064146566e-01,-9.9898236313667477e-01,
-9.9522067628433875e-01,-9.8949364068886803e-01,-9.8729580851628762e-01,-9.9672162281491394e-01,
-9.9961509682641536e-01,-9.9735374169524338e-01,-9.9595250126251245e-01,-9.8912295496092284e-01,
-9.9895924682397963e-01,-9.9952495376520356e-01,-9.9794103639046872e-01,-9.9483197324378259e-01,
-9.9933497624433310e-01,-9.9624023334466771e-01,-9.9434607471229519e-01,-9.9962319681852485e-01,
-9.9621822506276658e-01,-9.9917487439052322e-01,-9.9478097590059000e-01,-9.8092841662194452e-01,
-9.9604049011267737e-01,-9.9379179008076013e-01,-9.9457396198148218e-01,-9.9015012366979416e-01,
-9.9968614141613688e-01,-9.9912644462456335e-01,-9.9865525173955871e-01,-9.9503672601769766e-01,
-9.9133949220022322e-01,-9.7901737622873142e-01,-9.8592305440302952e-01,-9.9838289357580490e-01,
-9.9579166120353613e-01,-9.9986341512922716e-01,-9.9561952887471483e-01,-9.9804552354877563e-01,
-9.9861124676429980e-01,-9.6530639205667768e-01,-9.9799455529951986e-01,-9.9852090746906774e-01,
-9.9572414514316554e-01,-9.9289136819294255e-01,-9.9896307650004235e-01,-9.9997903297839830e-01,
-9.9957517724172273e-01,-9.9145298418406458e-01,-9.9396315267836199e-01,-9.9505036526750579e-01,
-9.9548886223741384e-01,-9.9384820242235661e-01,-9.9639310141560511e-01,-9.9757312345208171e-01,
-9.9690798653801349e-01,-9.9627167747649870e-01,-9.9896684050503137e-01,-9.8393006224923918e-01,
-9.9298895782713004e-01,-9.8458538144194740e-01,-9.9819401719478840e-01,-9.9457992619928148e-01,
-9.9971094567220065e-01,-9.9942530144779951e-01,-9.9329645320271320e-01,-9.9816647804963843e-01,
-9.9196633705098813e-01,-9.9989282480466479e-01,-9.9606536849113037e-01,-9.9145425174261659e-01,
-9.9833312628171766e-01,-9.9863820598004094e-01,-9.9150701683440479e-01,-9.9920071906008345e-01,
-9.9787561458905283e-01,-9.9961770933114946e-01,-9.9474132914481994e-01,-9.9494578886616691e-01,
-9.9208337654177092e-01,-9.8997381193808731e-01,-9.9541821405337771e-01,-9.8114662378772033e-01,
-9.9654339770991796e-01,-9.9745651138703262e-01,-9.8638626493540871e-01,-9.9929072725582879e-01,
-9.8207694497423603e-01,-9.9541604376312076e-01,-9.7508702058728491e-01,-9.9830604550629221e-01,
-9.9834298571101621e-01,-9.9787496505657280e-01,-9.9493381083959831e-01,-9.9545520757636263e-01,
-9.9436040670998382e-01,-9.9908429584308722e-01,-9.9814732637753012e-01,-9.7793001526352641e-01,
-9.9468459811578491e-01,-9.9439057722975299e-01,-9.8918479904229040e-01,-9.9707254409795354e-01,
-9.9248534800442656e-01,-9.9165747352727773e-01,-9.7948040545975057e-01,-9.9951772237591763e-01,
-9.9387396897624791e-01,-9.9961883456757039e-01,-9.9854490793532036e-01,-9.8995886801437383e-01,
-9.8034837075013748e-01,-9.9698034845932970e-01,-9.9519822135057989e-01,-9.9619794295990627e-01,
-9.9630598841992313e-01,-9.8902727254125744e-01,-9.9691811433526867e-01,-9.9799601702487128e-01,

90,4
9.9995092774896532e-01,9.9669415744486733e-01,9.8884015028510963e-01,9.8869229618006460e-01,
9.9859412766503453e-01,9.9771622395203141e-01,9.9637545391803783e-01,9.9835168191532309e-01,
9.8921097524777424e-01,9.9021736662846194e-01,9.8560684937484577e-01,9.9861134827871356e-01,
9.9369580244138711e-01,9.8732936910292524e-01,9.9857870664402193e-01,9.9956326555471020e-01,
9.9686851493750073e-01,9.9685457902778429e-01,9.9586971019267367e-01,9.9852489399782329e-01,
9.9900786281822129e-01,9.9591888718477017e-01,9.9312343312572637e-01,9.9899237720429124e-01,
9.9065971520083540e-01,9.9979203777976755e-01,9.7706795934465318e-01,9.9418638886482813e-01,
9.9373111169973027e-01,9.9909550639648237e-01,9.9341075622665209e-01,9.9777093439347198e-01,
9.8991767522581964e-01,9.9965768329372051e-01,9.9606116174825932e-01,9.6652517070355648e-01,
9.9778446255619180e-01,9.9094956460073291e-01,9.9913955059062820e-01,9.8996002734153610e-01,
9.8456368875392886e-01,9.8555630515310289e-01,9.9691062516336504e-01,9.9877293582402515e-01,
9.9480797603937821e-01,9.9952226624048857e-01,9.9771123877102474e-01,9.9883459675126374e-01,
9.9391930083659719e-01,9.9894203509550161e-01,9.9910079374911764e-01,9.9534999154099579e-01,
9.8711223157165096e-01,9.9803584065512396e-01,9.9858919649627298e-01,9.9301739800058697e-01,
9.9808103093054723e-01,9.8565313545703570e-01,9.9953823672108966e-01,9.8964374097483154e-01,
9.9382065248122031e-01,9.9701978985260808e-01,9.9746726859330148e-01,9.9469298666424555e-01,
9.9753652889066147e-01,9.9913761060035844e-01,9.9359191321520335e-01,9.8837068224382518e-01,
9.9206699895954209e-01,9.6989978543937805e-01,9.9643911710636535e-01,9.7799528140672765e-01,
9.9966341252268465e-01,9.9997092480664196e-01,9.9276747922168584e-01,9.9798339173521922e-01,
9.9857369659526207e-01,9.9686186439063196e-01,9.9848666448069179e-01,9.9090647790158948e-01,
9.9956947897011394e-01,9.9030822911329031e-01,9.9879458528642040e-01,9.9929444896901920e-01,
9.9314547594054936e-01,9.9431866379401423e-01,9.9970829276095041e-01,9.9665628250560112e-01,
9.9863082029486328e-01,9.9977073574479625e-01,9.9768117196833428e-01,9.9903494334454268e-01,
9.9996902698091272e-01,9.9890241655385004e-01,9.9849798466176010e-01,9.9603708280891090e-01,
9.9888836692418814e-01,9.9878408986994405e-01,9.9952624916131971e-01,9.9977722890600162e-01,
9.9318199830335296e-01,9.9844367269507850e-01,9.8971017221170166e-01,9.9896910346647627e-01,
9.9929484858461759e-01,9.9707656638749742e-01,9.9364585058586430e-01,9.9822988101086252e-01,
9.9901286806426826e-01,9.9268997589206420e-01,9.9688191798124359e-01,9.9398188642892449e-01,
9.9678841475190283e-01,9.9193916959996509e-01,9.9811839544368075e-01,9.9021279184095268e-01,
9.9930995364177755e-01,9.9948633412953414e-01,9.9961189777438664e-01,9.7238703884344835e-01,
9.9320502091929219e-01,9.9680526204238329e-01,9.9955710702200351e-01,9.9677714929759165e-01,
9.9925650701454449e-01,9.9750411732549016e-01,9.9503354321642767e-01,9.7621455903674281e-01,
9.9474878533552813e-01,9.9969142081693851e-01,9.9402044455337824e-01,9.8867579153716334e-01,
9.9982528820553029e-01,9.9590274487184383e-01,9.9594983530839243e-01,9.9035679329903381e-01,
9.9859859663335682e-01,9.9999530080763099e-01,9.9526974459121531e-01,9.7333538891800830e-01,
9.9711403510590046e-01,9.9245612870788946e-01,9.9365305024368600e-01,9.9776961230710648e-01,
9.9459468774447757e-01,9.9945436715488989e-01,9.9962077471314759e-01,9.9580283368304601e-01,
9.9357490486400790e-01,9.9854319334571318e-01,9.9983362554468713e-01,9.9437211090660171e-01,
9.9303215987167359e-01,9.9654988512065845e-01,9.9709228454818732e-01,9.9113588915949213e-01,
9.9744927384303161e-01,9.9475122055882981e-01,9.9989730277576228e-01,9.9731641967147189e-01,
9.9040502732040636e-01,9.9160368866155113e-01,9.9216071401597206e-01,9.9963310415528772e-01,
9.9923725957447074e-01,9.9968967534593545e-01,9.9850205898943933e-01,9.9973263519054156e-01,
9.9780794699434372e-01,9.9477633896690221e-01,9.8902734522796210e-01,9.9040036588972402e-01,
9.9287214771021048e-01,9.8966048812370966e-01,9.9987008204675853e-01,9.9389976875698771e-01,
9.9716845435544710e-01,9.9796029353657434e-01,9.9644321771543032e-01,9.9713120339143790e-01,
9.8791942530144938e-01,9.9469130814080287e-01,9.9404133208444456e-01,9.9982119317850304e-01,
9.9674377007333836e-01,9.9659942301619386e-01,9.9358850265945819e-01,9.9887857083005227e-01,
9.9939082935856538e-01,9.8837842866413661e-01,9.9307466046432524e-01,9.9693789361248220e-01,
9.9844583230857809e-01,9.9990167896030857e-01,9.9875682484097039e-01,9.9901190130634121e-01,
9.9501752705198432e-01,9.9720013365927440e-01,9.9823591907008935e-01,9.9327046034066435e-01,
9.9044252591415494e-01,9.9668411701660387e-01,9.9778892040383882e-01,9.9729593529920657e-01,
9.9271897162884692e-01,9.9102046211152506e-01,9.9486499834613396e-01,9.9797026654343957e-01,
9.9393713954955532e-01,9.9744988166161375e-01,9.9651288258115733e-01,9.9468386923761343e-01,
9.9804795080792119e-01,9.9766524315435623e-01,9.9466002629703532e-01,9.9905664976443287e-01,
9.9701652215426639e-01,9.9790055216528750e-01,9.9687719850454570e-01,9.9928796787540364e-01,
9.9720828838526998e-01,9.9524138959645181e-01,9.9844319017046623e-01,9.9503553535203859e-01,
9.9999479014561987e-01,9.9367985052598717e-01,9.9766959731017613e-01,9.9966622846877184e-01,
9.9729041994257006e-01,9.9573026215042448e-01,9.9638942394880048e-01,9.9826427542536944e-01,
9.9662537213925440e-01,9.9844391736284099e-01,9.9321867096265404e-01,9.9855197813888252e-01,
9.9698145846492836e-01,9.9386870101467828e-01,9.9258089507804703e-01,9.9861600171118736e-01,
9.9591124063042313e-01,9.8998881228173508e-01,9.9991318973364729e-01,9.9911836791666775e-01,
9.9436717190434099e-01,9.9824908914503663e-01,9.9970139384919077e-01,9.9788305495834062e-01,
9.9773841299360777e-01,9.9966966014619096e-01,9.9370331478244700e-01,9.8687198010727162e-01,
9.9548098039107424e-01,9.9870700432232029e-01,9.9186248195243931e-01,9.9538524299329012e-01,
9.9305599422581636e-01,9.9618142847617164e-01,9.9765822906042123e-01,9.9405655305070328e-01,
9.9164118729108708e-01,9.9568889748100053e-01,9.9736494619633720e-01,9.9156751092583217e-01,
9.9708994177452115e-01,9.9978116391307048e-01,9.9807756571383544e-01,9.9813115126358087e-01,
9.8959485652820889e-01,9.9718594538716476e-01,9.9955439474855989e-01,9.9915422411230370e-01,
9.8934447788731505e-01,9.9760865563892032e-01,9.9899336358601309e-01,9.9496454699507142e-01,
9.6997165767813698e-01,9.9837448362495596e-01,9.9332670676296408e-01,9.9956713961622401e-01,
9.9545623316615250e-01,9.9010357115115033e-01,9.9951373402409782e-01,9.9570990145539073e-01,
9.9500171612025357e-01,9.9802445955395269e-01,9.9685306596984580e-01,9.9586062767077843e-01,
9.9929982060566780e-01,9.9309467592560097e-01,9.9686254920617001e-01,9.9743725849579756e-01,
9.9631880325996192e-01,9.9370744753139406e-01,9.9934666268068550e-01,9.9902758188421581e-01,
9.9884692581482870e-01,9.9060249152358582e-01,9.9774738844583633e-01,9.9451526586699379e-01,
9.8828791246962111e-01,9.9273113039146987e-01,9.9820859982670340e-01,9.8510748333894904e-01,
9.8761707451441816e-01,9.9606581880419753e-01,9.9871360174922974e-01,9.9809635065058600e-01,
9.9082542096948023e-01,9.9963617617498857e-01,9.9631822344367271e-01,9.9145362352409294e-01,
9.9063490531335052e-01,9.9720738633598649e-01,9.9848039955827872e-01,9.9874337123685741e-01,
9.9599211818733679e-01,9.9187477486107900e-01,9.9835873271665365e-01,9.9671481243059645e-01,
9.9941106628376986e-01,9.9985414010181661e-01,9.9775744550215228e-01,9.9868787059559461e-01,
9.9316239545184071e-01,9.8889919620163558e-01,9.9457792245735699e-01,9.9447974448072629e-01,
9.9609606986662103e-01,9.9994491205100222e-01,9.9905070141438368e-01,9.9955181298588092e-01,
9.9885798869804376e-01,9.9807471420362304e-01,9.9602941419059809e-01,9.9908405475862083e-01,
9.9111268140295494e-01,9.9813863874087039e-01,9.9935014139704714e-01,9.8978490590612123e-01,
9.9628299316727253e-01,9.9773230799181545e-01,9.9166081860772004e-01,9.9887183629550824e-01,
9.9876440315624482e-01,9.9997193858533273e-01,9.9218398381113393e-01,9.8970035276886015e-01,
9.9155675217667905e-01,9.9216568295741991e-01,9.9858618298392576e-01,9.9881567350226508e-01,
9.9630699763093067e-01,9.9565036212509317e-01,9.9966022521229059e-01,9.9194936733358663e-01,
9.9933922471334458e-01,9.9761054035261076e-01,9.9964314804747989e-01,9.9615224769049293e-01,

