1
1
4
0
(90 0
((0,0,0) (6,6,7) (0,0,0))
((14,0,0) (20,6,7) (0,0,0))
((7,0,0) (13,6,7) (0,0,0))
((0,14,0) (6,20,7) (0,0,0))
((0,7,0) (6,13,7) (0,0,0))
((14,14,0) (20,20,7) (0,0,0))
((14,7,0) (20,13,7) (0,0,0))
((7,14,0) (13,20,7) (0,0,0))
((7,7,0) (13,13,7) (0,0,0))
((0,0,72) (6,6,79) (0,0,0))
((0,0,64) (6,6,71) (0,0,0))
((0,0,56) (6,6,63) (0,0,0))
((0,0,48) (6,6,55) (0,0,0))
((0,0,40) (6,6,47) (0,0,0))
((0,0,32) (6,6,39) (0,0,0))
((0,0,24) (6,6,31) (0,0,0))
((0,0,16) (6,6,23) (0,0,0))
((0,0,8) (6,6,15) (0,0,0))
((14,0,72) (20,6,79) (0,0,0))
((14,0,64) (20,6,71) (0,0,0))
((14,0,56) (20,6,63) (0,0,0))
((14,0,48) (20,6,55) (0,0,0))
((14,0,40) (20,6,47) (0,0,0))
((14,0,32) (20,6,39) (0,0,0))
((14,0,24) (20,6,31) (0,0,0))
((14,0,16) (20,6,23) (0,0,0))
((14,0,8) (20,6,15) (0,0,0))
((7,0,72) (13,6,79) (0,0,0))
((7,0,64) (13,6,71) (0,0,0))
((7,0,56) (13,6,63) (0,0,0))
((7,0,48) (13,6,55) (0,0,0))
((7,0,40) (13,6,47) (0,0,0))
((7,0,32) (13,6,39) (0,0,0))
((7,0,24) (13,6,31) (0,0,0))
((7,0,16) (13,6,23) (0,0,0))
((7,0,8) (13,6,15) (0,0,0))
((0,14,72) (6,20,79) (0,0,0))
((0,14,64) (6,20,71) (0,0,0))
((0,14,56) (6,20,63) (0,0,0))
((0,14,48) (6,20,55) (0,0,0))
((0,14,40) (6,20,47) (0,0,0))
((0,14,32) (6,20,39) (0,0,0))
((0,14,24) (6,20,31) (0,0,0))
((0,14,16) (6,20,23) (0,0,0))
((0,14,8) (6,20,15) (0,0,0))
((0,7,72) (6,13,79) (0,0,0))
((0,7,64) (6,13,71) (0,0,0))
((0,7,56) (6,13,63) (0,0,0))
((0,7,48) (6,13,55) (0,0,0))
((0,7,40) (6,13,47) (0,0,0))
((0,7,32) (6,13,39) (0,0,0))
((0,7,24) (6,13,31) (0,0,0))
((0,7,16) (6,13,23) (0,0,0))
((0,7,8) (6,13,15) (0,0,0))
((14,14,72) (20,20,79) (0,0,0))
((14,14,64) (20,20,71) (0,0,0))
((14,14,56) (20,20,63) (0,0,0))
((14,14,48) (20,20,55) (0,0,0))
((14,14,40) (20,20,47) (0,0,0))
((14,14,32) (20,20,39) (0,0,0))
((14,14,24) (20,20,31) (0,0,0))
((14,14,16) (20,20,23) (0,0,0))
((14,14,8) (20,20,15) (0,0,0))
((14,7,72) (20,13,79) (0,0,0))
((14,7,64) (20,13,71) (0,0,0))
((14,7,56) (20,13,63) (0,0,0))
((14,7,48) (20,13,55) (0,0,0))
((14,7,40) (20,13,47) (0,0,0))
((14,7,32) (20,13,39) (0,0,0))
((14,7,24) (20,13,31) (0,0,0))
((14,7,16) (20,13,23) (0,0,0))
((14,7,8) (20,13,15) (0,0,0))
((7,14,72) (13,20,79) (0,0,0))
((7,14,64) (13,20,71) (0,0,0))
((7,14,56) (13,20,63) (0,0,0))
((7,14,48) (13,20,55) (0,0,0))
((7,14,40) (13,20,47) (0,0,0))
((7,14,32) (13,20,39) (0,0,0))
((7,14,24) (13,20,31) (0,0,0))
((7,14,16) (13,20,23) (0,0,0))
((7,14,8) (13,20,15) (0,0,0))
((7,7,72) (13,13,79) (0,0,0))
((7,7,64) (13,13,71) (0,0,0))
((7,7,56) (13,13,63) (0,0,0))
((7,7,48) (13,13,55) (0,0,0))
((7,7,40) (13,13,47) (0,0,0))
((7,7,32) (13,13,39) (0,0,0))
((7,7,24) (13,13,31) (0,0,0))
((7,7,16) (13,13,23) (0,0,0))
((7,7,8) (13,13,15) (0,0,0))
)
90
FabOnDisk: Cell_D_00002 0
FabOnDisk: Cell_D_00002 12630
FabOnDisk: Cell_D_00002 25262
FabOnDisk: Cell_D_00002 37893
FabOnDisk: Cell_D_00002 50525
FabOnDisk: Cell_D_00002 63156
FabOnDisk: Cell_D_00002 75790
FabOnDisk: Cell_D_00002 88423
FabOnDisk: Cell_D_00002 101056
FabOnDisk: Cell_D_00001 0
FabOnDisk: Cell_D_00001 12632
FabOnDisk: Cell_D_00003 0
FabOnDisk: Cell_D_00003 12632
FabOnDisk: Cell_D_00003 25264
FabOnDisk: Cell_D_00000 0
FabOnDisk: Cell_D_00000 12632
FabOnDisk: Cell_D_00002 113688
FabOnDisk: Cell_D_00002 126320
FabOnDisk: Cell_D_00001 25264
FabOnDisk: Cell_D_00001 37898
FabOnDisk: Cell_D_00001 50532
FabOnDisk: Cell_D_00003 37896
FabOnDisk: Cell_D_00003 50530
FabOnDisk: Cell_D_00000 25264
FabOnDisk: Cell_D_00000 37898
FabOnDisk: Cell_D_00000 50532
FabOnDisk: Cell_D_00002 138951
FabOnDisk: Cell_D_00001 63166
FabOnDisk: Cell_D_00001 75799
FabOnDisk: Cell_D_00003 63164
FabOnDisk: Cell_D_00003 75797
FabOnDisk: Cell_D_00003 88430
FabOnDisk: Cell_D_00000 63166
FabOnDisk: Cell_D_00000 75799
FabOnDisk: Cell_D_00002 151584
FabOnDisk: Cell_D_00002 164217
FabOnDisk: Cell_D_00001 88432
FabOnDisk: Cell_D_00001 101066
FabOnDisk: Cell_D_00001 113700
FabOnDisk: Cell_D_00003 101063
FabOnDisk: Cell_D_00003 113697
FabOnDisk: Cell_D_00000 88432
FabOnDisk: Cell_D_00000 101066
FabOnDisk: Cell_D_00000 113700
FabOnDisk: Cell_D_00002 176849
FabOnDisk: Cell_D_00001 126334
FabOnDisk: Cell_D_00001 138967
FabOnDisk: Cell_D_00003 126331
FabOnDisk: Cell_D_00003 138964
FabOnDisk: Cell_D_00003 151597
FabOnDisk: Cell_D_00000 126334
FabOnDisk: Cell_D_00000 138967
FabOnDisk: Cell_D_00002 189482
FabOnDisk: Cell_D_00002 202115
FabOnDisk: Cell_D_00001 151600
FabOnDisk: Cell_D_00001 164236
FabOnDisk: Cell_D_00001 176872
FabOnDisk: Cell_D_00003 164230
FabOnDisk: Cell_D_00003 176866
FabOnDisk: Cell_D_00000 151600
FabOnDisk: Cell_D_00000 164236
FabOnDisk: Cell_D_00000 176872
FabOnDisk: Cell_D_00002 214747
FabOnDisk: Cell_D_00001 189508
FabOnDisk: Cell_D_00001 202143
FabOnDisk: Cell_D_00001 214778
FabOnDisk: Cell_D_00003 189502
FabOnDisk: Cell_D_00003 202137
FabOnDisk: Cell_D_00000 189508
FabOnDisk: Cell_D_00000 202143
FabOnDisk: Cell_D_00000 214778
FabOnDisk: Cell_D_00002 227382
FabOnDisk: Cell_D_00001 227413
FabOnDisk: Cell_D_00001 240048
FabOnDisk: Cell_D_00001 252683
FabOnDisk: Cell_D_00003 214772
FabOnDisk: Cell_D_00003 227407
FabOnDisk: Cell_D_00000 227413
FabOnDisk: Cell_D_00000 240048
FabOnDisk: Cell_D_00000 252683
FabOnDisk: Cell_D_00002 240016
FabOnDisk: Cell_D_00001 265318
FabOnDisk: Cell_D_00001 277952
FabOnDisk: Cell_D_00003 240042
FabOnDisk: Cell_D_00003 252676
FabOnDisk: Cell_D_00003 265310
FabOnDisk: Cell_D_00000 265318
FabOnDisk: Cell_D_00000 277952
FabOnDisk: Cell_D_00002 252650
FabOnDisk: Cell_D_00002 265284

90,4
-1.1042642400245020e+00,-9.9543498102096339e-01,-1.1240671361521921e+00,-9.9485626137198124e-01,
-1.0950989057536109e+00,-9.9826975734253642e-01,-1.1883059105700218e+00,-9.9723318281063200e-01,
-1.1675650539773204e+00,-9.9513188105864470e-01,-1.2365954763367997e+00,-9.9466548910883634e-01,
-1.0910846869674640e+00,-9.9086899764239422e-01,-1.1224483636471656e+00,-9.9848599539528904e-01,
-1.1440757807292659e+00,-9.8520791103935990e-01,-1.1175087750441102e+00,-9.9149305459338466e-01,
-1.2330551642588674e+00,-9.8960990701623153e-01,-1.0964334247703986e+00,-9.8899354299694042e-01,
-1.1642551750890904e+00,-9.8394259548468888e-01,-1.1219557144629000e+00,-9.9031337380887696e-01,
-1.1833725517895679e+00,-9.9079961527841165e-01,-1.1799348445991713e+00,-9.9538077205527087e-01,
-1.1610792317053700e+00,-9.9638060478266477e-01,-1.0821496299486608e+00,-9.9091089336330862e-01,
-1.1234622994613042e+00,-9.9361410571009601e-01,-1.2029950619390513e+00,-9.9819475472360841e-01,
-1.1512745979703580e+00,-9.9504792871091030e-01,-1.1222856378880408e+00,-9.7031796210097632e-01,
-1.1017608927700846e+00,-9.9572359466235960e-01,-1.1805740376761427e+00,-9.9174260861998020e-01,
-1.1187454050253181e+00,-9.8277647183341144e-01,-1.1493082536048527e+00,-9.8930665835983744e-01,
-1.1967921546859126e+00,-9.9503077729880984e-01,-1.1704889635063411e+00,-9.9829235045381071e-01,
-1.1740930569064552e+00,-9.9205304390618110e-01,-1.0421581670309699e+00,-9.8635098654325470e-01,
-1.1040443682340819e+00,-9.8475045573136799e-01,-1.1476697817711727e+00,-9.9241609422941579e-01,
-1.1301257903828505e+00,-9.9539118146060057e-01,-1.1024154037423477e+00,-9.9178415907731510e-01,
-1.1467291300554123e+00,-9.9148918895457583e-01,-1.0579083129931903e+00,-9.9271215236269106e-01,
-1.1932607282068468e+00,-9.8788996836189480e-01,-1.1439393717269604e+00,-9.8678217923377409e-01,
-1.1587181631353849e+00,-9.9816650599875301e-01,-1.0925123029997859e+00,-9.8241748401026507e-01,
-1.1821021332188342e+00,-9.8566004421196052e-01,-1.1015210032760945e+00,-9.8629304794632089e-01,
-1.1273198831425031e+00,-9.9205267313032108e-01,-1.1246054495867763e+00,-9.9439642306096965e-01,
-1.1098318976898551e+00,-9.7360277008499685e-01,-1.1360425458506966e+00,-9.9356884222068398e-01,
-1.2077299320828156e+00,-9.7528542972667098e-01,-1.1079324551041003e+00,-9.9196710979240055e-01,
-1.0661702087542604e+00,-9.9348760155102012e-01,-1.2286426001513973e+00,-9.9539629272665708e-01,
-1.1463619671266378e+00,-9.9487944795372985e-01,-1.2644498966861288e+00,-9.8581212331130386e-01,
-1.0380532611366022e+00,-9.9786533249556075e-01,-1.2174659169413902e+00,-9.9364308405347512e-01,
-1.0767717303382958e+00,-9.8464018192936520e-01,-1.1810206592453036e+00,-9.8913482406633557e-01,
-1.1119388504902978e+00,-9.8061597583959104e-01,-1.1346024693888965e+00,-9.9796683469855485e-01,
-1.1537317570306349e+00,-9.9622199421034818e-01,-1.2300758175087776e+00,-9.8750905114839327e-01,
-1.1052652465427750e+00,-9.8306573536953523e-01,-1.1742566589708083e+00,-9.9447769677228837e-01,
-1.2040497464599622e+00,-9.9146405362293488e-01,-1.0839306579375487e+00,-9.8927340263894925e-01,
-1.0356295981773416e+00,-9.8291328369054964e-01,-1.2559738015206470e+00,-9.8666867876228481e-01,
-1.1303139537712177e+00,-9.9104415007617186e-01,-1.1098549214417606e+00,-9.9273701127921443e-01,
-1.1657364888162225e+00,-9.9072361268519860e-01,-1.1234479801828237e+00,-9.8882370126066477e-01,
-1.1572452304575900e+00,-9.9338566827630215e-01,-1.1246578570386265e+00,-9.9700273969073616e-01,
-1.1469332331743036e+00,-9.8760081334577066e-01,-1.1462639958114342e+00,-9.9491873518124185e-01,
-1.2232496200588867e+00,-9.9036338816691294e-01,-1.1173951221666669e+00,-9.8198401027586235e-01,
-1.1252292750179196e+00,-9.9217825037569096e-01,-1.1371575426180092e+00,-9.9493679778965438e-01,
-1.1468515599457745e+00,-9.6977112148727240e-01,-1.1612773159812717e+00,-9.8396696485848900e-01,
-1.1755958708193552e+00,-9.9014865079761050e-01,-1.1326285174081963e+00,-9.8504551924695605e-01,
-1.2214827306327034e+00,-9.9345636993929276e-01,-1.1846823193770086e+00,-9.8123129662352848e-01,
-1.0682933795004761e+00,-9.9562288759512541e-01,-1.1348093824316332e+00,-9.9386304599911779e-01,
-1.1312901623434319e+00,-9.8908572300081499e-01,-1.1464428457792826e+00,-9.9501831257235940e-01,
-1.0961505759862218e+00,-9.8051071400206535e-01,-1.1629698567177020e+00,-9.9124854641001736e-01,
-1.1615714976500071e+00,-9.9029924695166527e-01,-1.1926899600855621e+00,-9.8908462318098800e-01,
-1.0827369825492317e+00,-9.8265838093100177e-01,-1.0808464418373080e+00,-9.7790919112765717e-01,
-1.1281405830160474e+00,-9.9684790652446442e-01,-1.1443611208613673e+00,-9.8384980241867259e-01,
-1.1763444697296652e+00,-9.8691967985091367e-01,-1.0750655162075480e+00,-9.9392434367420890e-01,
-1.0975590869784015e+00,-9.9648165965841895e-01,-1.0760871371344476e+00,-9.8869877904053460e-01,
-1.1790836551022108e+00,-9.9262564311520463e-01,-1.1563135121756674e+00,-9.8825524843161749e-01,
-1.0873443473410447e+00,-9.9272766532545320e-01,-1.1399027841637159e+00,-9.9350957409376239e-01,
-1.1542775090833097e+00,-9.8912129461253817e-01,-1.1377127798243614e+00,-9.8730518662933553e-01,
-1.2624744431932946e+00,-9.8971033654672969e-01,-1.2538785872989544e+00,-9.8748169157789845e-01,
-1.1137043404743154e+00,-9.9258930026009207e-01,-1.1241829194367139e+00,-9.8576433599783098e-01,
-1.0890176607287390e+00,-9.9643948670532301e-01,-1.0789540167105232e+00,-9.8652454905439113e-01,
-1.1593295393903835e+00,-9.8073726890550617e-01,-1.0629271693334239e+00,-9.9724875087397047e-01,
-1.1690749216799856e+00,-9.8926364462996275e-01,-1.0963191825781624e+00,-9.9245619635621551e-01,
-1.1189996648080918e+00,-9.8793082181794500e-01,-1.1620796429095095e+00,-9.8395514619731050e-01,
-1.1342087920369279e+00,-9.9702025842893871e-01,-1.1145535849662238e+00,-9.9107237137825210e-01,
-1.1880534172762092e+00,-9.9159333106296743e-01,-1.1093559389767358e+00,-9.9087409148150452e-01,
-1.0891147946949273e+00,-9.8361413215985183e-01,-1.2347696935326937e+00,-9.9105582145172866e-01,
-1.1185316666543805e+00,-9.9327459692973130e-01,-1.1739709215229852e+00,-9.8626347152321125e-01,
-1.0543321570263222e+00,-9.9521469839947874e-01,-1.0808144490014220e+00,-9.8875470731859572e-01,
-1.0767436729354909e+00,-9.9235214105054703e-01,-1.0954868298817249e+00,-9.9613872176116702e-01,
-1.0478507997959479e+00,-9.9844643266959487e-01,-1.1343104944043445e+00,-9.7656171800232239e-01,
-1.2698766125719663e+00,-9.8851078101949585e-01,-1.0950744139322441e+00,-9.8402496035366438e-01,
-1.0919023584457421e+00,-9.9344540829054484e-01,-1.1265711155323237e+00,-9.8704809213235467e-01,
-1.1344144776577780e+00,-9.7860888417929404e-01,-1.2139069023247200e+00,-9.9091753075367295e-01,
-1.2253084018862330e+00,-9.9695118605601241e-01,-1.1812799332612882e+00,-9.9812433748195661e-01,
-1.1306850120459502e+00,-9.6016011428633607e-01,-1.1006348064700022e+00,-9.9364947086220434e-01,
-1.1002691886515181e+00,-9.8903346541348636e-01,-1.1492217792152410e+00,-9.9105819533626016e-01,
-1.1756165195555930e+00,-9.8505897632241357e-01,-1.0883363543328659e+00,-9.8672410916208464e-01,
-1.1651883412510511e+00,-9.8820051579183243e-01,-1.0967090079952195e+00,-9.9415638178749544e-01,
-1.1498412992315221e+00,-9.9593680451797717e-01,-1.2682923611794661e+00,-9.7721727688898463e-01,
-1.1665159966368588e+00,-9.8055997922029037e-01,-1.0738175974639919e+00,-9.9037896105221679e-01,
-1.1642616649493880e+00,-9.9142109103816889e-01,-1.1011357048478136e+00,-9.9783347679869439e-01,
-1.1635181712281457e+00,-9.9230648154694967e-01,-1.1444373644911456e+00,-9.8704384994672356e-01,
-1.1936204695793551e+00,-9.9454554262196460e-01,-1.1471458327601620e+00,-9.9097282740570203e-01,
-1.0390913138389362e+00,-9.9643245245632517e-01,-1.0900502780746901e+00,-9.9010306778865009e-01,
-1.0866806691008661e+00,-9.8455834338410175e-01,-1.1494111072655788e+00,-9.7658268579302188e-01,
-1.1222742097075584e+00,-9.9469914471497312e-01,-1.1474650347208204e+00,-9.8858491325534814e-01,
-1.1778395793118648e+00,-9.9331585292915459e-01,-1.0845961230311647e+00,-9.9449990528147703e-01,
-1.1527604699893879e+00,-9.9241611708205890e-01,-1.0810479155560762e+00,-9.9511113020741071e-01,
-1.1536897510838366e+00,-9.9509849971533071e-01,-1.1469783812391434e+00,-9.7193397722068575e-01,
-1.1309975075555261e+00,-9.8909856912849925e-01,-1.1145782176947379e+00,-9.8677164524956862e-01,
-1.0809642231398158e+00,-9.8777696147513272e-01,-1.1110954627962444e+00,-9.9336551449134713e-01,
-1.2006017995392648e+00,-9.9347172497768133e-01,-1.2034122492063561e+00,-9.8580574328640691e-01,
-1.1514011174019658e+00,-9.9412891434055439e-01,-1.1785030823437521e+00,-9.8850603351933108e-01,
-1.1721503977300129e+00,-9.8277739999528324e-01,-1.0660118495395798e+00,-9.9327402508483553e-01,

90,4
1.1590510045839120e+00,9.9184850087843068e-01,1.1926092826019805e+00,9.8290495788453836e-01,
1.0784649025444801e+00,9.9817507644414316e-01,1.1364263510050590e+00,9.8920720776547955e-01,
1.0861627189866512e+00,9.8457715436189530e-01,1.0942966954433093e+00,9.9559659942372891e-01,
1.1166888421312557e+00,9.7861391889961402e-01,1.1248387877185746e+00,9.9720280733872002e-01,
1.1490849128917526e+00,9.9173749577608394e-01,1.1366301783532089e+00,9.9736149835826171e-01,
1.0999425674356418e+00,9.9256094778576731e-01,1.1347498861223457e+00,9.9344483083286084e-01,
1.1425282406682191e+00,9.9444620560106478e-01,1.1715872543152872e+00,9.9075711687289281e-01,
1.1290958851678008e+00,9.9740973701667723e-01,1.0929966207710831e+00,9.9351284271423435e-01,
1.0827999016179353e+00,9.9210525034071673e-01,1.1767561036520948e+00,9.5886157008123063e-01,
1.1097266302264130e+00,9.8391172180969710e-01,1.1936019735725472e+00,9.8441618752227167e-01,
1.0853582147423702e+00,9.8265275918705608e-01,1.0293158336694734e+00,9.9494485553601053e-01,
1.1162124701065752e+00,9.9769152400829431e-01,1.1635178713943943e+00,9.9531604220788017e-01,
1.0736524202319935e+00,9.9866852171518661e-01,1.1258294199805228e+00,9.9472595452224954e-01,
1.1253850821047680e+00,9.8912845942609240e-01,1.2096989992242062e+00,9.9028900649115992e-01,
1.1194280578605347e+00,9.8004446644352339e-01,1.1934688914301095e+00,9.8056416080424169e-01,
1.0933303961086798e+00,9.9153163361961316e-01,1.2493722556708475e+00,9.8826005533824857e-01,
1.0782366812156403e+00,9.9568336211114195e-01,1.0348368836467279e+00,9.8755958696319712e-01,
1.0745457401547986e+00,9.6526790046467126e-01,1.0910745522208591e+00,9.7776179058335244e-01,
1.1484449327896042e+00,1.0002084740401636e+00,1.0796827621033953e+00,9.9502748614846948e-01,
1.0975619867026454e+00,9.9092917825470006e-01,1.1080628665427659e+00,9.8198337895783694e-01,
1.2319365833183984e+00,9.8341272827833914e-01,1.0906985643841554e+00,9.9523307687612927e-01,
1.1437039371302360e+00,9.9525023757463893e-01,1.0908800392759508e+00,9.8840612507093695e-01,
1.0812129221224844e+00,9.9095618773668770e-01,1.1290405195131310e+00,9.9645703236055228e-01,
1.0959861453744264e+00,9.9252609433871497e-01,1.1216145904464800e+00,9.9170283685360061e-01,
1.0679511991531618e+00,9.9666456590913310e-01,1.0575018690769109e+00,9.9581530070389834e-01,
1.2243860787877889e+00,9.9476338311757995e-01,1.1233472690978243e+00,9.9552525057359520e-01,
1.0923711356774639e+00,9.9082845821126653e-01,1.1325372666316567e+00,9.9329881975175294e-01,
1.1306917705601038e+00,9.8394244991465218e-01,1.1197480162357618e+00,9.9075752520760563e-01,
1.1794760351186886e+00,9.8066524626267992e-01,1.1094277183443670e+00,9.8750822632719470e-01,
1.1227889881470126e+00,9.9517526942203693e-01,1.1941842635065125e+00,9.6729465950154470e-01,
1.0804694783575310e+00,9.9367212115233650e-01,1.1107387800292359e+00,9.9532046346521708e-01,
1.1851395450936899e+00,9.8947294576186773e-01,1.1014897066493483e+00,9.6605108068549994e-01,
1.2011406486730962e+00,9.9412757193330648e-01,1.1188237810745987e+00,9.8130690155121381e-01,
1.2070810378464412e+00,9.9107228591434382e-01,1.3577534738444019e+00,9.8385137195488837e-01,
1.1592961633264482e+00,9.9469622764231391e-01,1.1005977214009006e+00,9.6953189223760716e-01,
1.2028846853271715e+00,9.8719314408114989e-01,1.1640045655049422e+00,9.9371977045868831e-01,
1.1021228718311200e+00,9.9651000520804267e-01,1.1365258893136232e+00,9.8773411917661025e-01,
1.1447794881139448e+00,9.9208177087030713e-01,1.2312390555772228e+00,9.9066822483495531e-01,
1.1572002032173279e+00,9.9142950531555973e-01,1.1678748697213495e+00,9.8705898204882325e-01,
1.0940571136452497e+00,9.9174538460541628e-01,1.1795276003149571e+00,9.9184514058991724e-01,
1.2631000144715030e+00,9.9000451612743834e-01,1.1435326703603292e+00,9.9135789003076957e-01,
1.1300037114037600e+00,9.9135044989095633e-01,1.1434997460899889e+00,9.9228023423452316e-01,
1.1425220618996907e+00,9.8612089709483841e-01,1.1434255035061338e+00,9.8357568133562279e-01,
1.0721137631934221e+00,9.8531455984953520e-01,1.1190950397203450e+00,9.8781677746454233e-01,
1.1709971679486642e+00,9.9018059206794595e-01,1.1271994147773214e+00,9.9033101586341543e-01,
1.1968313089641203e+00,9.9045795370091450e-01,1.2150982977591167e+00,9.9672849082303716e-01,
1.0760619315828550e+00,9.8856266000342197e-01,1.0486838263488689e+00,9.9356749341729933e-01,
1.1382530522477772e+00,9.8187499897277253e-01,1.2133672647932456e+00,9.9453378874456599e-01,
1.0699763515219594e+00,9.9524882974659656e-01,1.1865487315230436e+00,9.9446990675632863e-01,
1.0895551406503250e+00,9.9516214710644402e-01,1.1887351736441254e+00,9.8563471015033555e-01,
1.0934560647157143e+00,9.8643896123320551e-01,1.1447172314579486e+00,9.9200950544524025e-01,
1.1350138237367966e+00,9.8575062451693907e-01,1.0346530508145257e+00,9.9248462555422168e-01,
1.1338251323773638e+00,9.9522720727749436e-01,1.1056658548842102e+00,9.9085249180993118e-01,
1.1574125606036691e+00,9.9165093818511274e-01,1.1098075894428274e+00,9.9538942044796108e-01,
1.1441556731417457e+00,9.9466057327558932e-01,1.0510335632165004e+00,9.8909509142750807e-01,
1.1292470799144494e+00,9.9253139587774675e-01,1.1400557211743261e+00,9.9516178671257038e-01,
1.0761230292163333e+00,9.8834740395736553e-01,1.1348782416784342e+00,9.9605777125510864e-01,
1.1912203601039839e+00,9.9077643345527322e-01,1.1246223322120901e+00,9.9698089830236203e-01,
1.0928928550667649e+00,9.9475449394124937e-01,1.0678249395736272e+00,9.9765515496652657e-01,
1.3040432147082679e+00,9.9317196046165057e-01,1.0779276664459381e+00,9.9418624097700348e-01,
1.1644859324613648e+00,9.8641847447550723e-01,1.1368007363322881e+00,9.9286747852350743e-01,
1.1294695728697630e+00,9.9116720585299367e-01,1.2439187785785935e+00,9.9555218955154146e-01,
1.1455264565519536e+00,9.9149748747379152e-01,1.0790647302425040e+00,9.8200072741879596e-01,
1.0721210377100854e+00,9.9268236889251849e-01,1.1891551130524687e+00,9.8941014178674069e-01,
1.1919718487949589e+00,9.9054875698392109e-01,1.0732299704971406e+00,9.8757657733278448e-01,
1.1492318803237225e+00,9.9028471188850298e-01,1.1141266158375494e+00,9.8916997452591882e-01,
1.2646810609023500e+00,9.9671454441483387e-01,1.1026146735397344e+00,9.9132802354656169e-01,
1.2449985929673768e+00,9.9368484986937744e-01,1.2236453470162991e+00,9.9270903481460038e-01,
1.1764495561985711e+00,9.8619300476332050e-01,1.1089965827105503e+00,9.9559403593183005e-01,
1.1085518323157459e+00,9.9457960003705492e-01,1.1212712643270815e+00,9.9682460162496056e-01,
1.1883792244268907e+00,9.8817424646569607e-01,1.0823623476875432e+00,9.9378558333698275e-01,
1.0734751325192529e+00,9.9513830960579941e-01,1.1728256083182129e+00,9.9193616795137662e-01,
1.1413674921567840e+00,9.8849913354103691e-01,1.0436698301772307e+00,9.9328489931961939e-01,
1.1325188991896211e+00,9.9311069701306287e-01,1.1542932546925815e+00,9.9432971013875571e-01,
1.0924031071174671e+00,9.8416104158994333e-01,1.1446616990225571e+00,9.9253440563104045e-01,
9.9543724474494499e-01,9.8594121153503855e-01,1.0877655081297803e+00,9.8061906630727880e-01,
1.2096063212214236e+00,9.8835300445354168e-01,1.1505705912038022e+00,9.9378075603357774e-01,
1.1051866352947177e+00,9.9124891933239778e-01,1.1840028784213728e+00,9.8761539513053642e-01,
1.1664058181270933e+00,9.9174999378417861e-01,1.1260227982088560e+00,9.9598293980273611e-01,
1.1048503116148185e+00,9.8644715219515189e-01,1.1225058072337817e+00,9.9122111172462768e-01,
1.1643714449590317e+00,9.9631850852256520e-01,1.1617125869341660e+00,9.9642572257420792e-01,
1.2267245842573005e+00,9.8379690150878396e-01,1.1382613449945862e+00,9.8699822600660314e-01,
1.1121295219008134e+00,9.9254494409975724e-01,1.1429941691667325e+00,9.8803774791688381e-01,
1.1311188230023845e+00,9.9552933042394276e-01,1.1447561831781070e+00,9.9115620234592416e-01,
1.1199431258529204e+00,9.9378175642686417e-01,1.1149136172175891e+00,9.8401106121872772e-01,
1.1130457670465532e+00,9.9487782688937609e-01,1.0204178900047338e+00,9.9022849797707813e-01,
1.0870771242610344e+00,9.9761302262913498e-01,1.1646268001367557e+00,9.8370533975809693e-01,
1.1810733113764331e+00,9.8628082166459463e-01,1.1396062887763221e+00,9.9929665700385772e-01,
1.1900705354060617e+00,9.9419387127722358e-01,1.0297152952821871e+00,9.8317517914429930e-01,
1.1270399686956429e+00,9.9084936022398640e-01,1.2052176126210825e+00,9.8926677697582466e-01,

