1
1
4
0
(90 0
((0,0,0) (6,6,7) (0,0,0))
((14,0,0) (20,6,7) (0,0,0))
((7,0,0) (13,6,7) (0,0,0))
((0,14,0) (6,20,7) (0,0,0))
((0,7,0) (6,13,7) (0,0,0))
((14,14,0) (20,20,7) (0,0,0))
((14,7,0) (20,13,7) (0,0,0))
((7,14,0) (13,20,7) (0,0,0))
((7,7,0) (13,13,7) (0,0,0))
((0,0,72) (6,6,79) (0,0,0))
((0,0,64) (6,6,71) (0,0,0))
((0,0,56) (6,6,63) (0,0,0))
((0,0,48) (6,6,55) (0,0,0))
((0,0,40) (6,6,47) (0,0,0))
((0,0,32) (6,6,39) (0,0,0))
((0,0,24) (6,6,31) (0,0,0))
((0,0,16) (6,6,23) (0,0,0))
((0,0,8) (6,6,15) (0,0,0))
((14,0,72) (20,6,79) (0,0,0))
((14,0,64) (20,6,71) (0,0,0))
((14,0,56) (20,6,63) (0,0,0))
((14,0,48) (20,6,55) (0,0,0))
((14,0,40) (20,6,47) (0,0,0))
((14,0,32) (20,6,39) (0,0,0))
((14,0,24) (20,6,31) (0,0,0))
((14,0,16) (20,6,23) (0,0,0))
((14,0,8) (20,6,15) (0,0,0))
((7,0,72) (13,6,79) (0,0,0))
((7,0,64) (13,6,71) (0,0,0))
((7,0,56) (13,6,63) (0,0,0))
((7,0,48) (13,6,55) (0,0,0))
((7,0,40) (13,6,47) (0,0,0))
((7,0,32) (13,6,39) (0,0,0))
((7,0,24) (13,6,31) (0,0,0))
((7,0,16) (13,6,23) (0,0,0))
((7,0,8) (13,6,15) (0,0,0))
((0,14,72) (6,20,79) (0,0,0))
((0,14,64) (6,20,71) (0,0,0))
((0,14,56) (6,20,63) (0,0,0))
((0,14,48) (6,20,55) (0,0,0))
((0,14,40) (6,20,47) (0,0,0))
((0,14,32) (6,20,39) (0,0,0))
((0,14,24) (6,20,31) (0,0,0))
((0,14,16) (6,20,23) (0,0,0))
((0,14,8) (6,20,15) (0,0,0))
((0,7,72) (6,13,79) (0,0,0))
((0,7,64) (6,13,71) (0,0,0))
((0,7,56) (6,13,63) (0,0,0))
((0,7,48) (6,13,55) (0,0,0))
((0,7,40) (6,13,47) (0,0,0))
((0,7,32) (6,13,39) (0,0,0))
((0,7,24) (6,13,31) (0,0,0))
((0,7,16) (6,13,23) (0,0,0))
((0,7,8) (6,13,15) (0,0,0))
((14,14,72) (20,20,79) (0,0,0))
((14,14,64) (20,20,71) (0,0,0))
((14,14,56) (20,20,63) (0,0,0))
((14,14,48) (20,20,55) (0,0,0))
((14,14,40) (20,20,47) (0,0,0))
((14,14,32) (20,20,39) (0,0,0))
((14,14,24) (20,20,31) (0,0,0))
((14,14,16) (20,20,23) (0,0,0))
((14,14,8) (20,20,15) (0,0,0))
((14,7,72) (20,13,79) (0,0,0))
((14,7,64) (20,13,71) (0,0,0))
((14,7,56) (20,13,63) (0,0,0))
((14,7,48) (20,13,55) (0,0,0))
((14,7,40) (20,13,47) (0,0,0))
((14,7,32) (20,13,39) (0,0,0))
((14,7,24) (20,13,31) (0,0,0))
((14,7,16) (20,13,23) (0,0,0))
((14,7,8) (20,13,15) (0,0,0))
((7,14,72) (13,20,79) (0,0,0))
((7,14,64) (13,20,71) (0,0,0))
((7,14,56) (13,20,63) (0,0,0))
((7,14,48) (13,20,55) (0,0,0))
((7,14,40) (13,20,47) (0,0,0))
((7,14,32) (13,20,39) (0,0,0))
((7,14,24) (13,20,31) (0,0,0))
((7,14,16) (13,20,23) (0,0,0))
((7,14,8) (13,20,15) (0,0,0))
((7,7,72) (13,13,79) (0,0,0))
((7,7,64) (13,13,71) (0,0,0))
((7,7,56) (13,13,63) (0,0,0))
((7,7,48) (13,13,55) (0,0,0))
((7,7,40) (13,13,47) (0,0,0))
((7,7,32) (13,13,39) (0,0,0))
((7,7,24) (13,13,31) (0,0,0))
((7,7,16) (13,13,23) (0,0,0))
((7,7,8) (13,13,15) (0,0,0))
)
90
FabOnDisk: Cell_D_00002 0
FabOnDisk: Cell_D_00002 12630
FabOnDisk: Cell_D_00002 25262
FabOnDisk: Cell_D_00002 37893
FabOnDisk: Cell_D_00002 50525
FabOnDisk: Cell_D_00002 63156
FabOnDisk: Cell_D_00002 75790
FabOnDisk: Cell_D_00002 88423
FabOnDisk: Cell_D_00002 101056
FabOnDisk: Cell_D_00001 0
FabOnDisk: Cell_D_00001 12632
FabOnDisk: Cell_D_00003 0
FabOnDisk: Cell_D_00003 12632
FabOnDisk: Cell_D_00003 25264
FabOnDisk: Cell_D_00000 0
FabOnDisk: Cell_D_00000 12632
FabOnDisk: Cell_D_00002 113688
FabOnDisk: Cell_D_00002 126320
FabOnDisk: Cell_D_00001 25264
FabOnDisk: Cell_D_00001 37898
FabOnDisk: Cell_D_00001 50532
FabOnDisk: Cell_D_00003 37896
FabOnDisk: Cell_D_00003 50530
FabOnDisk: Cell_D_00000 25264
FabOnDisk: Cell_D_00000 37898
FabOnDisk: Cell_D_00000 50532
FabOnDisk: Cell_D_00002 138951
FabOnDisk: Cell_D_00001 63166
FabOnDisk: Cell_D_00001 75799
FabOnDisk: Cell_D_00003 63164
FabOnDisk: Cell_D_00003 75797
FabOnDisk: Cell_D_00003 88430
FabOnDisk: Cell_D_00000 63166
FabOnDisk: Cell_D_00000 75799
FabOnDisk: Cell_D_00002 151584
FabOnDisk: Cell_D_00002 164217
FabOnDisk: Cell_D_00001 88432
FabOnDisk: Cell_D_00001 101066
FabOnDisk: Cell_D_00001 113700
FabOnDisk: Cell_D_00003 101063
FabOnDisk: Cell_D_00003 113697
FabOnDisk: Cell_D_00000 88432
FabOnDisk: Cell_D_00000 101066
FabOnDisk: Cell_D_00000 113700
FabOnDisk: Cell_D_00002 176849
FabOnDisk: Cell_D_00001 126334
FabOnDisk: Cell_D_00001 138967
FabOnDisk: Cell_D_00003 126331
FabOnDisk: Cell_D_00003 138964
FabOnDisk: Cell_D_00003 151597
FabOnDisk: Cell_D_00000 126334
FabOnDisk: Cell_D_00000 138967
FabOnDisk: Cell_D_00002 189482
FabOnDisk: Cell_D_00002 202115
FabOnDisk: Cell_D_00001 151600
FabOnDisk: Cell_D_00001 164236
FabOnDisk: Cell_D_00001 176872
FabOnDisk: Cell_D_00003 164230
FabOnDisk: Cell_D_00003 176866
FabOnDisk: Cell_D_00000 151600
FabOnDisk: Cell_D_00000 164236
FabOnDisk: Cell_D_00000 176872
FabOnDisk: Cell_D_00002 214747
FabOnDisk: Cell_D_00001 189508
FabOnDisk: Cell_D_00001 202143
FabOnDisk: Cell_D_00001 214778
FabOnDisk: Cell_D_00003 189502
FabOnDisk: Cell_D_00003 202137
FabOnDisk: Cell_D_00000 189508
FabOnDisk: Cell_D_00000 202143
FabOnDisk: Cell_D_00000 214778
FabOnDisk: Cell_D_00002 227382
FabOnDisk: Cell_D_00001 227413
FabOnDisk: Cell_D_00001 240048
FabOnDisk: Cell_D_00001 252683
FabOnDisk: Cell_D_00003 214772
FabOnDisk: Cell_D_00003 227407
FabOnDisk: Cell_D_00000 227413
FabOnDisk: Cell_D_00000 240048
FabOnDisk: Cell_D_00000 252683
FabOnDisk: Cell_D_00002 240016
FabOnDisk: Cell_D_00001 265318
FabOnDisk: Cell_D_00001 277952
FabOnDisk: Cell_D_00003 240042
FabOnDisk: Cell_D_00003 252676
FabOnDisk: Cell_D_00003 265310
FabOnDisk: Cell_D_00000 265318
FabOnDisk: Cell_D_00000 277952
FabOnDisk: Cell_D_00002 252650
FabOnDisk: Cell_D_00002 265284

90,4
-1.1322342267151986e+00,-9.9479261050810652e-01,-1.1811981311066431e+00,-9.9475371982765215e-01,
-1.0803684851372863e+00,-9.9825245998919832e-01,-1.1708951793478528e+00,-9.9686465097424204e-01,
-1.2184112829147880e+00,-9.9458829726725151e-01,-1.1941843175236795e+00,-9.9410634623969707e-01,
-1.1237817435822934e+00,-9.8966809382539156e-01,-1.1261073939946815e+00,-9.9823960595818728e-01,
-1.1445262960250799e+00,-9.8379778900334680e-01,-1.1426355534948411e+00,-9.9020797109529923e-01,
-1.1444198022994547e+00,-9.8929493508524857e-01,-1.1480149720419264e+00,-9.8827081449061582e-01,
-1.2430939412252351e+00,-9.8359391393259366e-01,-1.1557857241208029e+00,-9.8899468752690167e-01,
-1.1698436991079422e+00,-9.8931900861175048e-01,-1.2063512459551087e+00,-9.9451127898888880e-01,
-1.1741965348480354e+00,-9.9586857357982805e-01,-1.0931646971980127e+00,-9.9078317014739170e-01,
-1.1279750814322271e+00,-9.9287898791067630e-01,-1.1667182855103646e+00,-9.9809670378451243e-01,
-1.1008602739897908e+00,-9.9426953029367915e-01,-1.1504313868072138e+00,-9.6953246170050000e-01,
-1.1384329533959019e+00,-9.9548711927310807e-01,-1.2408808665694473e+00,-9.9054283033683799e-01,
-1.2178326780939088e+00,-9.8126984867565459e-01,-1.1688475600240544e+00,-9.8784803875394989e-01,
-1.1758145677053895e+00,-9.9416310733240076e-01,-1.2223260184417568e+00,-9.9858076614368241e-01,
-1.1610100779747297e+00,-9.9230444166032750e-01,-1.1047317313420515e+00,-9.8516343645751514e-01,
-1.1138585436869521e+00,-9.8311435287126636e-01,-1.1915847725587012e+00,-9.9193504579346548e-01,
-1.1919331774167197e+00,-9.9482887813401155e-01,-1.1551864323071637e+00,-9.9114309639166098e-01,
-1.0948833639662134e+00,-9.9059850297934082e-01,-1.0703929624737893e+00,-9.9175648246773562e-01,
-1.1856742394970619e+00,-9.8709244038973698e-01,-1.1252592557137862e+00,-9.8507056636478252e-01,
-1.1692622768187184e+00,-9.9785072901811245e-01,-1.1314248512857905e+00,-9.8192719928684424e-01,
-1.1544820834083576e+00,-9.8406154394163114e-01,-1.1164350935191505e+00,-9.8486835358590408e-01,
-1.1168547973047969e+00,-9.9165955690698837e-01,-1.1736010123774649e+00,-9.9336822119424240e-01,
-1.1247596901007746e+00,-9.7190048535349449e-01,-1.1131249383721098e+00,-9.9251473942354385e-01,
-1.2595044497762671e+00,-9.7360299318612675e-01,-1.1029478654028126e+00,-9.9071104184428960e-01,
-1.1392259733331500e+00,-9.9221680525748257e-01,-1.2848554798840468e+00,-9.9504901196449824e-01,
-1.1656369841451326e+00,-9.9454304521664705e-01,-1.2351006078583595e+00,-9.8422179719003278e-01,
-1.0817754588395152e+00,-9.9762748417057578e-01,-1.1610683318818467e+00,-9.9233468256304291e-01,
-1.1377025684557527e+00,-9.8448506673316960e-01,-1.2793514951258278e+00,-9.8815103428001239e-01,
-1.1768853373123891e+00,-9.7962291889618247e-01,-1.1701792731950871e+00,-9.9764862656360098e-01,
-1.2025102622977690e+00,-9.9583005217036580e-01,-1.2377218493467350e+00,-9.8634367065877948e-01,
-1.1283626424958086e+00,-9.8231972330829587e-01,-1.1622014555095515e+00,-9.9378867970176343e-01,
-1.2039338115749327e+00,-9.9023147286145474e-01,-1.1775835468942411e+00,-9.8813404318378950e-01,
-1.0607993337779380e+00,-9.8185149400118887e-01,-1.2728785089135073e+00,-9.8534876360766366e-01,
-1.1700871281621383e+00,-9.8984474847987836e-01,-1.1360389612936566e+00,-9.9161372006653281e-01,
-1.2037223352787956e+00,-9.9010172531735841e-01,-1.1756036107976804e+00,-9.8868196613109471e-01,
-1.1510029497508707e+00,-9.9256174450459311e-01,-1.1384770401567217e+00,-9.9698248624774843e-01,
-1.1312218901305884e+00,-9.8665914728629733e-01,-1.1645086886453955e+00,-9.9431366356361273e-01,
-1.2179047540095893e+00,-9.8838292760449253e-01,-1.2222790102767622e+00,-9.8177329415985115e-01,
-1.1926285548926900e+00,-9.9187398863572307e-01,-1.1604607200719703e+00,-9.9414847154014652e-01,
-1.1589126851902911e+00,-9.6918729871533060e-01,-1.2233690158009989e+00,-9.8242889274013245e-01,
-1.1258181723795957e+00,-9.8913591982681748e-01,-1.1751667645398516e+00,-9.8396186007272468e-01,
-1.1315654458365114e+00,-9.9277172507368694e-01,-1.1884683344083415e+00,-9.7957852611386054e-01,
-1.0948452258231478e+00,-9.9511084857170018e-01,-1.1652516564686859e+00,-9.9285761364181246e-01,
-1.1867016560724479e+00,-9.8838704581439207e-01,-1.1484197161194951e+00,-9.9415010986449259e-01,
-1.1442220618295849e+00,-9.7863512410786591e-01,-1.1952327193619636e+00,-9.9138338642182988e-01,
-1.1264716358348175e+00,-9.8938983702756078e-01,-1.1598867633232073e+00,-9.8794393629855282e-01,
-1.1519826715114176e+00,-9.8088252235269779e-01,-1.0930523213441439e+00,-9.7672455606981678e-01,
-1.2231547896392543e+00,-9.9699878332864611e-01,-1.1214895057235061e+00,-9.8282713013673906e-01,
-1.1873323121100887e+00,-9.8522608206377726e-01,-1.1140724855579103e+00,-9.9320422934172159e-01,
-1.0949757997016565e+00,-9.9604409147168638e-01,-1.1402703540604617e+00,-9.8839511674287284e-01,
-1.2606900259416980e+00,-9.9178185385844764e-01,-1.1425207717284964e+00,-9.8687606825916074e-01,
-1.1330381549645172e+00,-9.9199810983500336e-01,-1.1876834364980009e+00,-9.9286646279482837e-01,
-1.1772400503767537e+00,-9.8796548928287853e-01,-1.1238238410603849e+00,-9.8695529252398917e-01,
-1.2933606493310572e+00,-9.8850833123047255e-01,-1.2576869832967916e+00,-9.8576438383261655e-01,
-1.1122675243450777e+00,-9.9167818540567687e-01,-1.1240520797790141e+00,-9.8511610846693398e-01,
-1.1131174764883871e+00,-9.9618121039557195e-01,-1.1892023678561441e+00,-9.8494830713831150e-01,
-1.1670334209660169e+00,-9.7943501759714424e-01,-1.0816185018258879e+00,-9.9696126820149000e-01,
-1.1844311264104674e+00,-9.8899261757247603e-01,-1.1668858595643217e+00,-9.9103810310994145e-01,
-1.1082905375899839e+00,-9.8772703271724083e-01,-1.1645566184581746e+00,-9.8264046992297338e-01,
-1.1516513839281146e+00,-9.9641875267008839e-01,-1.1524757753029768e+00,-9.9065547920088159e-01,
-1.1820293293130200e+00,-9.9107212992769955e-01,-1.1221063479558162e+00,-9.8990461607649771e-01,
-1.0979966618221739e+00,-9.8266306776304957e-01,-1.1273541390866337e+00,-9.9059928525151975e-01,
-1.1771546796963570e+00,-9.9244613546064953e-01,-1.1325623167877297e+00,-9.8567189169950098e-01,
-1.1252742275596168e+00,-9.9442218071108535e-01,-1.1301495348450592e+00,-9.8756275230553070e-01,
-1.1055684298062998e+00,-9.9155585110281319e-01,-1.1748862119568870e+00,-9.9539586651527201e-01,
-1.0516217417145284e+00,-9.9817065227821233e-01,-1.1331312647152028e+00,-9.7578279079244667e-01,
-1.1893216806551477e+00,-9.8748172510171550e-01,-1.0665333161515176e+00,-9.8308090928066549e-01,
-1.1421438490946982e+00,-9.9334945303920907e-01,-1.2131144467270032e+00,-9.8548627886929752e-01,
-1.0860509288805613e+00,-9.7852762718808273e-01,-1.1933977653446937e+00,-9.8938248911176851e-01,
-1.1816031075169682e+00,-9.9654788034382835e-01,-1.2411336429095454e+00,-9.9817020320288785e-01,
-1.1602013288861914e+00,-9.5909805678197557e-01,-1.1016788520179706e+00,-9.9261585998424973e-01,
-1.1874067364680103e+00,-9.8824817141320431e-01,-1.1254879702254781e+00,-9.8927562992455897e-01,
-1.0923575001486310e+00,-9.8423619218960601e-01,-1.1464558654933195e+00,-9.8505466444524026e-01,
-1.1711156491105381e+00,-9.8749555296382696e-01,-1.1384625358835219e+00,-9.9374098739950090e-01,
-1.1597015925797522e+00,-9.9588551479024057e-01,-1.2670865810799103e+00,-9.7640248577067090e-01,
-1.2122264608067379e+00,-9.7975633315969357e-01,-1.1358843045500655e+00,-9.8955931377960948e-01,
-1.1728749647927201e+00,-9.8984604817828181e-01,-1.1023451048247885e+00,-9.9773947106707161e-01,
-1.1794345260478913e+00,-9.9068988026335569e-01,-1.1702873777431619e+00,-9.8612000303065406e-01,
-1.2917871080860752e+00,-9.9371449452106875e-01,-1.1263032471008048e+00,-9.8933747739432309e-01,
-1.1599701058606049e+00,-9.9574019819491955e-01,-1.0882695759698737e+00,-9.8970644227651816e-01,
-1.1535135522773985e+00,-9.8353672235204970e-01,-1.1588285128071858e+00,-9.7582755664790577e-01,
-1.1552272091582749e+00,-9.9415028866535349e-01,-1.1279923401541836e+00,-9.8725706894996346e-01,
-1.1686975407129589e+00,-9.9294406623334763e-01,-1.0938696305224467e+00,-9.9372511451778467e-01,
-1.2488131882727964e+00,-9.9134068267231323e-01,-1.1249319727340139e+00,-9.9504121127720280e-01,
-1.1896897904699903e+00,-9.9511542177244849e-01,-1.1772329351691209e+00,-9.7098629108449541e-01,
-1.1608431501230987e+00,-9.8803159595433454e-01,-1.1877081414126460e+00,-9.8476338309048816e-01,
-1.1332444067295337e+00,-9.8700498967417227e-01,-1.1346401161482917e+00,-9.9209008277924426e-01,
-1.2142696858041948e+00,-9.9233922379974870e-01,-1.1841958215661603e+00,-9.8553625384754162e-01,
-1.1237643112714857e+00,-9.9345371024620910e-01,-1.1211289497344230e+00,-9.8699205381135469e-01,
-1.1261018853603058e+00,-9.8163549683498752e-01,-1.0844239389821708e+00,-9.9230287710857368e-01,

90,4
1.1919638338724836e+00,9.9108908313726252e-01,1.1922327721500259e+00,9.8193548116234641e-01,
1.1067091751923206e+00,9.9828529613432171e-01,1.1728090418181154e+00,9.8738496587473912e-01,
1.0920017640459549e+00,9.8350792724417846e-01,1.1205552226664606e+00,9.9511252745106793e-01,
1.1192736560836598e+00,9.7679040205178280e-01,1.1492243035668692e+00,9.9667266158680079e-01,
1.2524525917305902e+00,9.9067997745291270e-01,1.2018854972009148e+00,9.9711145557469050e-01,
1.1630231722089968e+00,9.9190080351432020e-01,1.1650110125785107e+00,9.9235456943341971e-01,
1.1793351231602471e+00,9.9348091045282716e-01,1.2461170648695676e+00,9.9010214080198000e-01,
1.1638523819745186e+00,9.9712172263427201e-01,1.0914364689588032e+00,9.9362725627344872e-01,
1.1114919346318894e+00,9.9060884157569096e-01,1.1085523363993275e+00,9.5741157912092423e-01,
1.1144582235163429e+00,9.8248098910436010e-01,1.2569410026718082e+00,9.8332061486041167e-01,
1.1263901203833797e+00,9.8202847977497687e-01,1.1478482220093693e+00,9.9424858906045810e-01,
1.1230452297028979e+00,9.9733584559596278e-01,1.1281965645293897e+00,9.9494294818451934e-01,
1.1172244867115291e+00,9.9852875692803100e-01,1.1673647370741340e+00,9.9458685706444838e-01,
1.1860010530318261e+00,9.8765592178717287e-01,1.2464810193720752e+00,9.8971681228596398e-01,
1.1278993837252431e+00,9.7903447027585477e-01,1.2532347196872200e+00,9.7874619992025136e-01,
1.1113420556716718e+00,9.9042726558192407e-01,1.3109103606123678e+00,9.8727257260750578e-01,
1.0933720540533398e+00,9.9494928338054556e-01,1.1280012361734095e+00,9.8740437985659768e-01,
1.1340681128306622e+00,9.6432324133895286e-01,1.1378777376390978e+00,9.7785616344454285e-01,
1.1767338594200520e+00,1.0003395547678187e+00,1.1222850925208849e+00,9.9436578631709238e-01,
1.1270410211064426e+00,9.8975360858344819e-01,1.1812383117258052e+00,9.8020720340772283e-01,
1.3116923892277568e+00,9.8206610402489902e-01,1.1300250856958771e+00,9.9443239928397709e-01,
1.1321105051756861e+00,9.9580916179651191e-01,1.1126207570955677e+00,9.8671459370368886e-01,
1.1805349842488153e+00,9.8914564816257844e-01,1.1921454897022621e+00,9.9594292174890875e-01,
1.1295352878525198e+00,9.9128054355589212e-01,1.1033045724461801e+00,9.9081968208041149e-01,
1.0962566951368689e+00,9.9626525196352778e-01,1.1047416836438613e+00,9.9493158352619904e-01,
1.2811268256157293e+00,9.9408197819806710e-01,1.0924872460253954e+00,9.9490271786359663e-01,
1.0735721727157093e+00,9.8955906061198307e-01,1.1700169120844162e+00,9.9234113935838331e-01,
1.0885091784607623e+00,9.8219444102241948e-01,1.0999664392668522e+00,9.9010522439537474e-01,
1.2085630688737488e+00,9.7837718664626117e-01,1.1581779994980517e+00,9.8700623692714751e-01,
1.1441632696178652e+00,9.9437340176642508e-01,1.2888256861677203e+00,9.6627344212434896e-01,
1.0955738323119013e+00,9.9306762147649774e-01,1.1433636613542297e+00,9.9504927304824520e-01,
1.1686743195713518e+00,9.8793990991776981e-01,1.1573265020236694e+00,9.6399150628173547e-01,
1.2613821565933230e+00,9.9297902473386912e-01,1.1818733075499273e+00,9.7982542027126096e-01,
1.1962244176986592e+00,9.9012262843391841e-01,1.3582752202846082e+00,9.8262673053976579e-01,
1.2220566354592395e+00,9.9365609942003752e-01,1.1080105846749406e+00,9.6873043393673119e-01,
1.2396750676445525e+00,9.8633055483315601e-01,1.1784069779838313e+00,9.9292586378180614e-01,
1.1000071161881746e+00,9.9587968884638212e-01,1.1858993829984597e+00,9.8651325193655048e-01,
1.2305291969065764e+00,9.9086327772307292e-01,1.2515538642964035e+00,9.8993393450178591e-01,
1.1467280854930362e+00,9.9074471125732988e-01,1.1223171793783384e+00,9.8669170404035489e-01,
1.1117708939118327e+00,9.9123910255839365e-01,1.1548176076380430e+00,9.9127772541744130e-01,
1.3527723300938144e+00,9.8959145386859837e-01,1.1195124902820721e+00,9.8973755016045895e-01,
1.1923221436596643e+00,9.9018381126801924e-01,1.1703776198803519e+00,9.9084981024387764e-01,
1.1957436646421853e+00,9.8500955983197447e-01,1.1383152449922240e+00,9.8223016453009637e-01,
1.0970172473458297e+00,9.8439211433980067e-01,1.1032312676871463e+00,9.8685827947840754e-01,
1.1879967205126596e+00,9.8850978118805133e-01,1.1603445884946804e+00,9.8901193880662741e-01,
1.1820192812435013e+00,9.8982309118260181e-01,1.2746059892050277e+00,9.9606305584066701e-01,
1.0748903680577386e+00,9.8696835205470301e-01,1.1020397951495748e+00,9.9254852710962027e-01,
1.1858994738585218e+00,9.8062174893284015e-01,1.2528811966347779e+00,9.9405368754904044e-01,
1.1085364645417137e+00,9.9441530095047459e-01,1.1572155532299222e+00,9.9358952552098223e-01,
1.0747009251726651e+00,9.9479441026281512e-01,1.2452026804338836e+00,9.8408232369488113e-01,
1.2358863827721813e+00,9.8443499628874409e-01,1.1316674623293366e+00,9.9111469492745352e-01,
1.1124860553795468e+00,9.8468465605977151e-01,1.0840911417947774e+00,9.9138082794852989e-01,
1.1689869679691816e+00,9.9487515701714735e-01,1.1515003215995767e+00,9.9010249509134585e-01,
1.1049653641654589e+00,9.9046454381138826e-01,1.1511668816580034e+00,9.9462283905415205e-01,
1.1569263532025611e+00,9.9399923955124458e-01,1.1183772548991837e+00,9.8711131014601272e-01,
1.1059296557741167e+00,9.9194546061280187e-01,1.1328205816631753e+00,9.9520520337018481e-01,
1.0862425269996270e+00,9.8775327179486727e-01,1.0974449981720813e+00,9.9536257573485232e-01,
1.1849422190106660e+00,9.8980612271792623e-01,1.1406592941179123e+00,9.9678355866442570e-01,
1.0883422188627156e+00,9.9404144000573735e-01,1.1055688781888682e+00,9.9751265439915759e-01,
1.3110791675969533e+00,9.9309196792248255e-01,1.1414348994770529e+00,9.9336775471825700e-01,
1.2662947731722498e+00,9.8575195789323788e-01,1.1850243393050901e+00,9.9224843908229021e-01,
1.1682670899388770e+00,9.8975524569416895e-01,1.2866360792425746e+00,9.9541053446566230e-01,
1.1891443586285511e+00,9.9045991173262682e-01,1.1053034858784299e+00,9.8149552659414363e-01,
1.1039505796749178e+00,9.9140452161139248e-01,1.2174301542052839e+00,9.8838810186325143e-01,
1.2551113933463240e+00,9.8948041063338454e-01,1.1014055165420327e+00,9.8629145391829764e-01,
1.2000816408043697e+00,9.8913409042332234e-01,1.1387702661335273e+00,9.8867151857466240e-01,
1.2177499733162724e+00,9.9612461857237733e-01,1.0998273615565592e+00,9.9000295113839909e-01,
1.2609440869605815e+00,9.9302180911609139e-01,1.2189457830415653e+00,9.9144969760414170e-01,
1.1909694909155681e+00,9.8390032043092357e-01,1.1530110792356913e+00,9.9577216486014020e-01,
1.1823859430502026e+00,9.9382639240256154e-01,1.1726642065523794e+00,9.9638374720411804e-01,
1.2219475811128537e+00,9.8788285575037427e-01,1.1218348816984309e+00,9.9338889385443641e-01,
1.1036415283506376e+00,9.9457138599552675e-01,1.1717715271547533e+00,9.9171235159623672e-01,
1.1269435276146715e+00,9.8757150188562193e-01,1.0896887889429925e+00,9.9266728241240021e-01,
1.1366546936880493e+00,9.9293858916156841e-01,1.1970691622105025e+00,9.9336125608622239e-01,
1.1465548639091776e+00,9.8301067698770517e-01,1.2118189730443230e+00,9.9219949781480810e-01,
1.0264473679329116e+00,9.8461283862897875e-01,1.1229777040209279e+00,9.7977400962855055e-01,
1.2976284541196463e+00,9.8679897946673589e-01,1.1348085629727358e+00,9.9303054520613776e-01,
1.1101288779252036e+00,9.9080741892451774e-01,1.1403282872780005e+00,9.8678411481361972e-01,
1.2022035285192243e+00,9.9059552123981498e-01,1.2024977297226425e+00,9.9538992902616985e-01,
1.0985783382250363e+00,9.8571682327369103e-01,1.2139264422644815e+00,9.9021543048580474e-01,
1.1656496737689492e+00,9.9561356729718431e-01,1.2039537621847127e+00,9.9638803227963790e-01,
1.2991593986440790e+00,9.8278971938428406e-01,1.1485076036104442e+00,9.8552396298458067e-01,
1.1264840700413559e+00,9.9131360872791918e-01,1.1632723586454841e+00,9.8571828398642347e-01,
1.1599134203369466e+00,9.9512363916473112e-01,1.1452763225768265e+00,9.8961231307258746e-01,
1.1440049548540456e+00,9.9296071731768298e-01,1.1680369286447825e+00,9.8288132633558811e-01,
1.1280631516984441e+00,9.9430497376949023e-01,1.0397855903463755e+00,9.8851481736511670e-01,
1.1348912039542760e+00,9.9712956223667581e-01,1.0842995693616830e+00,9.8295780224556595e-01,
1.2185207560130857e+00,9.8518458492891980e-01,1.1486590906456053e+00,9.9939656789840514e-01,
1.2027380060574651e+00,9.9387111388093874e-01,1.0559352904885746e+00,9.8140273174761894e-01,
1.1845612530735570e+00,9.8949946663232557e-01,1.2449730317388361e+00,9.8784474426129942e-01,

