1
1
4
0
(90 0
((0,0,0) (6,6,7) (0,0,0))
((14,0,0) (20,6,7) (0,0,0))
((7,0,0) (13,6,7) (0,0,0))
((0,14,0) (6,20,7) (0,0,0))
((0,7,0) (6,13,7) (0,0,0))
((14,14,0) (20,20,7) (0,0,0))
((14,7,0) (20,13,7) (0,0,0))
((7,14,0) (13,20,7) (0,0,0))
((7,7,0) (13,13,7) (0,0,0))
((0,0,72) (6,6,79) (0,0,0))
((0,0,64) (6,6,71) (0,0,0))
((0,0,56) (6,6,63) (0,0,0))
((0,0,48) (6,6,55) (0,0,0))
((0,0,40) (6,6,47) (0,0,0))
((0,0,32) (6,6,39) (0,0,0))
((0,0,24) (6,6,31) (0,0,0))
((0,0,16) (6,6,23) (0,0,0))
((0,0,8) (6,6,15) (0,0,0))
((14,0,72) (20,6,79) (0,0,0))
((14,0,64) (20,6,71) (0,0,0))
((14,0,56) (20,6,63) (0,0,0))
((14,0,48) (20,6,55) (0,0,0))
((14,0,40) (20,6,47) (0,0,0))
((14,0,32) (20,6,39) (0,0,0))
((14,0,24) (20,6,31) (0,0,0))
((14,0,16) (20,6,23) (0,0,0))
((14,0,8) (20,6,15) (0,0,0))
((7,0,72) (13,6,79) (0,0,0))
((7,0,64) (13,6,71) (0,0,0))
((7,0,56) (13,6,63) (0,0,0))
((7,0,48) (13,6,55) (0,0,0))
((7,0,40) (13,6,47) (0,0,0))
((7,0,32) (13,6,39) (0,0,0))
((7,0,24) (13,6,31) (0,0,0))
((7,0,16) (13,6,23) (0,0,0))
((7,0,8) (13,6,15) (0,0,0))
((0,14,72) (6,20,79) (0,0,0))
((0,14,64) (6,20,71) (0,0,0))
((0,14,56) (6,20,63) (0,0,0))
((0,14,48) (6,20,55) (0,0,0))
((0,14,40) (6,20,47) (0,0,0))
((0,14,32) (6,20,39) (0,0,0))
((0,14,24) (6,20,31) (0,0,0))
((0,14,16) (6,20,23) (0,0,0))
((0,14,8) (6,20,15) (0,0,0))
((0,7,72) (6,13,79) (0,0,0))
((0,7,64) (6,13,71) (0,0,0))
((0,7,56) (6,13,63) (0,0,0))
((0,7,48) (6,13,55) (0,0,0))
((0,7,40) (6,13,47) (0,0,0))
((0,7,32) (6,13,39) (0,0,0))
((0,7,24) (6,13,31) (0,0,0))
((0,7,16) (6,13,23) (0,0,0))
((0,7,8) (6,13,15) (0,0,0))
((14,14,72) (20,20,79) (0,0,0))
((14,14,64) (20,20,71) (0,0,0))
((14,14,56) (20,20,63) (0,0,0))
((14,14,48) (20,20,55) (0,0,0))
((14,14,40) (20,20,47) (0,0,0))
((14,14,32) (20,20,39) (0,0,0))
((14,14,24) (20,20,31) (0,0,0))
((14,14,16) (20,20,23) (0,0,0))
((14,14,8) (20,20,15) (0,0,0))
((14,7,72) (20,13,79) (0,0,0))
((14,7,64) (20,13,71) (0,0,0))
((14,7,56) (20,13,63) (0,0,0))
((14,7,48) (20,13,55) (0,0,0))
((14,7,40) (20,13,47) (0,0,0))
((14,7,32) (20,13,39) (0,0,0))
((14,7,24) (20,13,31) (0,0,0))
((14,7,16) (20,13,23) (0,0,0))
((14,7,8) (20,13,15) (0,0,0))
((7,14,72) (13,20,79) (0,0,0))
((7,14,64) (13,20,71) (0,0,0))
((7,14,56) (13,20,63) (0,0,0))
((7,14,48) (13,20,55) (0,0,0))
((7,14,40) (13,20,47) (0,0,0))
((7,14,32) (13,20,39) (0,0,0))
((7,14,24) (13,20,31) (0,0,0))
((7,14,16) (13,20,23) (0,0,0))
((7,14,8) (13,20,15) (0,0,0))
((7,7,72) (13,13,79) (0,0,0))
((7,7,64) (13,13,71) (0,0,0))
((7,7,56) (13,13,63) (0,0,0))
((7,7,48) (13,13,55) (0,0,0))
((7,7,40) (13,13,47) (0,0,0))
((7,7,32) (13,13,39) (0,0,0))
((7,7,24) (13,13,31) (0,0,0))
((7,7,16) (13,13,23) (0,0,0))
((7,7,8) (13,13,15) (0,0,0))
)
90
FabOnDisk: Cell_D_00002 0
FabOnDisk: Cell_D_00002 12630
FabOnDisk: Cell_D_00002 25262
FabOnDisk: Cell_D_00002 37893
FabOnDisk: Cell_D_00002 50525
FabOnDisk: Cell_D_00002 63156
FabOnDisk: Cell_D_00002 75790
FabOnDisk: Cell_D_00002 88423
FabOnDisk: Cell_D_00002 101056
FabOnDisk: Cell_D_00001 0
FabOnDisk: Cell_D_00001 12632
FabOnDisk: Cell_D_00003 0
FabOnDisk: Cell_D_00003 12632
FabOnDisk: Cell_D_00003 25264
FabOnDisk: Cell_D_00000 0
FabOnDisk: Cell_D_00000 12632
FabOnDisk: Cell_D_00002 113688
FabOnDisk: Cell_D_00002 126320
FabOnDisk: Cell_D_00001 25264
FabOnDisk: Cell_D_00001 37898
FabOnDisk: Cell_D_00001 50532
FabOnDisk: Cell_D_00003 37896
FabOnDisk: Cell_D_00003 50530
FabOnDisk: Cell_D_00000 25264
FabOnDisk: Cell_D_00000 37898
FabOnDisk: Cell_D_00000 50532
FabOnDisk: Cell_D_00002 138951
FabOnDisk: Cell_D_00001 63166
FabOnDisk: Cell_D_00001 75799
FabOnDisk: Cell_D_00003 63164
FabOnDisk: Cell_D_00003 75797
FabOnDisk: Cell_D_00003 88430
FabOnDisk: Cell_D_00000 63166
FabOnDisk: Cell_D_00000 75799
FabOnDisk: Cell_D_00002 151584
FabOnDisk: Cell_D_00002 164217
FabOnDisk: Cell_D_00001 88432
FabOnDisk: Cell_D_00001 101066
FabOnDisk: Cell_D_00001 113700
FabOnDisk: Cell_D_00003 101063
FabOnDisk: Cell_D_00003 113697
FabOnDisk: Cell_D_00000 88432
FabOnDisk: Cell_D_00000 101066
FabOnDisk: Cell_D_00000 113700
FabOnDisk: Cell_D_00002 176849
FabOnDisk: Cell_D_00001 126334
FabOnDisk: Cell_D_00001 138967
FabOnDisk: Cell_D_00003 126331
FabOnDisk: Cell_D_00003 138964
FabOnDisk: Cell_D_00003 151597
FabOnDisk: Cell_D_00000 126334
FabOnDisk: Cell_D_00000 138967
FabOnDisk: Cell_D_00002 189482
FabOnDisk: Cell_D_00002 202115
FabOnDisk: Cell_D_00001 151600
FabOnDisk: Cell_D_00001 164236
FabOnDisk: Cell_D_00001 176872
FabOnDisk: Cell_D_00003 164230
FabOnDisk: Cell_D_00003 176866
FabOnDisk: Cell_D_00000 151600
FabOnDisk: Cell_D_00000 164236
FabOnDisk: Cell_D_00000 176872
FabOnDisk: Cell_D_00002 214747
FabOnDisk: Cell_D_00001 189508
FabOnDisk: Cell_D_00001 202143
FabOnDisk: Cell_D_00001 214778
FabOnDisk: Cell_D_00003 189502
FabOnDisk: Cell_D_00003 202137
FabOnDisk: Cell_D_00000 189508
FabOnDisk: Cell_D_00000 202143
FabOnDisk: Cell_D_00000 214778
FabOnDisk: Cell_D_00002 227382
FabOnDisk: Cell_D_00001 227413
FabOnDisk: Cell_D_00001 240048
FabOnDisk: Cell_D_00001 252683
FabOnDisk: Cell_D_00003 214772
FabOnDisk: Cell_D_00003 227407
FabOnDisk: Cell_D_00000 227413
FabOnDisk: Cell_D_00000 240048
FabOnDisk: Cell_D_00000 252683
FabOnDisk: Cell_D_00002 240016
FabOnDisk: Cell_D_00001 265318
FabOnDisk: Cell_D_00001 277952
FabOnDisk: Cell_D_00003 240042
FabOnDisk: Cell_D_00003 252676
FabOnDisk: Cell_D_00003 265310
FabOnDisk: Cell_D_00000 265318
FabOnDisk: Cell_D_00000 277952
FabOnDisk: Cell_D_00002 252650
FabOnDisk: Cell_D_00002 265284

90,4
-1.2029719068384714e+00,-9.9413112256756253e-01,-1.2018430282979475e+00,-9.9467418640065774e-01,
-1.0567299736832307e+00,-9.9821104532141913e-01,-1.1777423458375600e+00,-9.9651603197714600e-01,
-1.2394316691493912e+00,-9.9403459290467888e-01,-1.2942098089250895e+00,-9.9356586112794432e-01,
-1.1098680479222416e+00,-9.8850667501598499e-01,-1.1058537793438237e+00,-9.9802985621192719e-01,
-1.1371472070231159e+00,-9.8268612877130890e-01,-1.1286770679934943e+00,-9.8893807604511141e-01,
-1.1460318291112512e+00,-9.8899456640076588e-01,-1.1280305675054159e+00,-9.8755942424024534e-01,
-1.2463787483497790e+00,-9.8328557667985406e-01,-1.1837351662269746e+00,-9.8773247167763201e-01,
-1.2304881286267686e+00,-9.8783935774089937e-01,-1.1569472157802971e+00,-9.9367862065395196e-01,
-1.1861650876587591e+00,-9.9535554567617346e-01,-1.1578968069766216e+00,-9.9069271273607562e-01,
-1.1394556167318020e+00,-9.9213517485976965e-01,-1.1892485097489212e+00,-9.9798046691207853e-01,
-1.0849279897442550e+00,-9.9346428855523161e-01,-1.1488514381248398e+00,-9.6871888972013220e-01,
-1.2110093510317073e+00,-9.9525221806886244e-01,-1.2796032260158399e+00,-9.8936456170807152e-01,
-1.1801237403505258e+00,-9.7969127545508017e-01,-1.2050427121203526e+00,-9.8637330070516238e-01,
-1.2246774310155633e+00,-9.9327747943415801e-01,-1.1851046704917585e+00,-9.9889101331602126e-01,
-1.1940522757090846e+00,-9.9255128960682226e-01,-1.1444383175956718e+00,-9.8404501261718180e-01,
-1.1365331540823373e+00,-9.8151631056440480e-01,-1.2329706535502685e+00,-9.9149245088139970e-01,
-1.2192598664765013e+00,-9.9429844946703949e-01,-1.2080016476913975e+00,-9.9053832487796112e-01,
-1.1271227583607197e+00,-9.8974355492141519e-01,-1.1018040262750117e+00,-9.9081579365086492e-01,
-1.1456804166390235e+00,-9.8631278840709280e-01,-1.1525553966599309e+00,-9.8336790706011223e-01,
-1.1344112257869117e+00,-9.9753785390422933e-01,-1.2404976170397926e+00,-9.8150297477593607e-01,
-1.1862578181650454e+00,-9.8249129881874819e-01,-1.1608065641744578e+00,-9.8349321430531556e-01,
-1.1267510894049597e+00,-9.9124440427578064e-01,-1.1672537699965342e+00,-9.9341256117796017e-01,
-1.1271943697992548e+00,-9.7016683996746955e-01,-1.1438045456936505e+00,-9.9149393197338531e-01,
-1.2315851848330641e+00,-9.7189124001581462e-01,-1.1262598937197907e+00,-9.8949095182994418e-01,
-1.0996258484962438e+00,-9.9095127264543514e-01,-1.3018243955236948e+00,-9.9476509713878236e-01,
-1.2203087528714005e+00,-9.9419357307425349e-01,-1.2509268797169744e+00,-9.8324516919743910e-01,
-1.1160183374256676e+00,-9.9739655974477304e-01,-1.1862822250278293e+00,-9.9103382204698742e-01,
-1.1029952378444603e+00,-9.8481801746659081e-01,-1.2298950855911719e+00,-9.8716328767931361e-01,
-1.1978838645821608e+00,-9.7864323513864804e-01,-1.1822255340474614e+00,-9.9734610687520631e-01,
-1.2270446369654129e+00,-9.9537391631861205e-01,-1.2387575859466886e+00,-9.8516450612015349e-01,
-1.1683451293201002e+00,-9.8157662197856643e-01,-1.1166524066261601e+00,-9.9309921339038110e-01,
-1.2381804083862933e+00,-9.8894831527860994e-01,-1.2176295942708848e+00,-9.8696912666960679e-01,
-1.1261152681719451e+00,-9.8079772760384987e-01,-1.2437797891787017e+00,-9.8405179055602521e-01,
-1.1743440826352705e+00,-9.8928812790356269e-01,-1.1495511439394206e+00,-9.9045753363773903e-01,
-1.2482011588105586e+00,-9.8944705545889922e-01,-1.1139054989466060e+00,-9.8850685041769903e-01,
-1.1884967146602581e+00,-9.9175059529025156e-01,-1.2638487122717754e+00,-9.9698351310571809e-01,
-1.0699089630047316e+00,-9.8569337935692125e-01,-1.2708116093122419e+00,-9.9373493006397773e-01,
-1.2021372327101685e+00,-9.8643448142601708e-01,-1.2135883162929915e+00,-9.8157480721538981e-01,
-1.1437633354365955e+00,-9.9158589868143154e-01,-1.1832808955409764e+00,-9.9338443478140626e-01,
-1.2212981762908024e+00,-9.6855097316374161e-01,-1.2511687696112328e+00,-9.8092562939435068e-01,
-1.1068377384451806e+00,-9.8815939892853688e-01,-1.2980666516556336e+00,-9.8283489755868092e-01,
-1.1927261664297999e+00,-9.9208454360125042e-01,-1.1835281657515411e+00,-9.7855270746493594e-01,
-1.1265536191176322e+00,-9.9454008661892257e-01,-1.1182004948959106e+00,-9.9183340273447929e-01,
-1.2630718122187887e+00,-9.8768614177285374e-01,-1.1895110639100304e+00,-9.9331495697711891e-01,
-1.1311957414875846e+00,-9.7684064223898703e-01,-1.2027526123086165e+00,-9.9148105501135220e-01,
-1.0967817047449502e+00,-9.8846639176238538e-01,-1.1572485191768200e+00,-9.8682702872419870e-01,
-1.1836771681367582e+00,-9.7915296835131127e-01,-1.0929834026101390e+00,-9.7554055010854213e-01,
-1.2282766500959901e+00,-9.9712252731960582e-01,-1.1319651930725709e+00,-9.8181785684226430e-01,
-1.2364563990485353e+00,-9.8348966043944430e-01,-1.1313059978432416e+00,-9.9249143142678131e-01,
-1.0932047985275368e+00,-9.9563596311470259e-01,-1.1057227758257426e+00,-9.8809422824026194e-01,
-1.3194162847136759e+00,-9.9095901776338857e-01,-1.1746744708556043e+00,-9.8601538129139155e-01,
-1.1339058670058375e+00,-9.9121996708871041e-01,-1.2173548965402532e+00,-9.9219752268459604e-01,
-1.2528568305330867e+00,-9.8700083582082410e-01,-1.1417114360539811e+00,-9.8661819918543570e-01,
-1.3248492269216776e+00,-9.8756679438485206e-01,-1.1729556920160573e+00,-9.8402713362642424e-01,
-1.1011475065425673e+00,-9.9074268646169283e-01,-1.1882918249355841e+00,-9.8443772854817657e-01,
-1.0826225771944544e+00,-9.9588444582742708e-01,-1.1402663956914678e+00,-9.8343626753075863e-01,
-1.0763657889203448e+00,-9.7843521099755737e-01,-1.0689717937325061e+00,-9.9663209230064065e-01,
-1.1966308850556462e+00,-9.8869633760147169e-01,-1.1335207397431444e+00,-9.8961070017983876e-01,
-1.1934745432624059e+00,-9.8753779597385549e-01,-1.1825057033822146e+00,-9.8131764066121352e-01,
-1.1449923070448358e+00,-9.9579091979534684e-01,-1.1358564138920839e+00,-9.9025335086451405e-01,
-1.2201289520799903e+00,-9.9055156941907208e-01,-1.1006325065948830e+00,-9.8900699896699096e-01,
-1.1307125030347063e+00,-9.8174116394377242e-01,-1.1272440757619984e+00,-9.9014049505047808e-01,
-1.1749927374582252e+00,-9.9161622797138327e-01,-1.1687005702791389e+00,-9.8512778695835190e-01,
-1.1122124573989465e+00,-9.9360372758057147e-01,-1.2269378326582427e+00,-9.8636384582770176e-01,
-1.1351312033758700e+00,-9.9074718333725098e-01,-1.2069139456424667e+00,-9.9467163251794510e-01,
-1.0935852486743305e+00,-9.9788151564985095e-01,-1.1519633679638284e+00,-9.7504110406623357e-01,
-1.2842446501649059e+00,-9.8653161986362370e-01,-1.1282001763421921e+00,-9.8211356558264840e-01,
-1.1367838160164818e+00,-9.9323424289204798e-01,-1.1490900007027178e+00,-9.8396289091409617e-01,
-1.0580469735156774e+00,-9.7844200997874897e-01,-1.1993556527896112e+00,-9.8785273112386340e-01,
-1.1850557071487473e+00,-9.9613235586568927e-01,-1.2127735746174648e+00,-9.9823292492309479e-01,
-1.1387669439102110e+00,-9.5808624700533862e-01,-1.0856474844020025e+00,-9.9157385351888139e-01,
-1.2175936421481373e+00,-9.8745134666910395e-01,-1.1296743872052677e+00,-9.8753305785279577e-01,
-1.0690224515169553e+00,-9.8347012400430733e-01,-1.2260977357159148e+00,-9.8343542234365910e-01,
-1.2324296499482079e+00,-9.8678166235799181e-01,-1.1421770791542336e+00,-9.9333350405422693e-01,
-1.1732624986041447e+00,-9.9590156110238937e-01,-1.2686512681394584e+00,-9.7557823117086317e-01,
-1.2072088317690473e+00,-9.7939897136128584e-01,-1.1972658141030199e+00,-9.8869079806285032e-01,
-1.1811040746655719e+00,-9.8828508890908062e-01,-1.1694934559093799e+00,-9.9760010195601478e-01,
-1.1620621196678846e+00,-9.8908870418105088e-01,-1.1686781714820993e+00,-9.8523761059021453e-01,
-1.3966219532474766e+00,-9.9287007413695672e-01,-1.1443882772961071e+00,-9.8769421615318864e-01,
-1.1503958254796065e+00,-9.9503488588900602e-01,-1.0806505925451988e+00,-9.8935896749158703e-01,
-1.1191651243290750e+00,-9.8249486688661003e-01,-1.1229734728214125e+00,-9.7501470964397174e-01,
-1.1724543612001050e+00,-9.9364525118162317e-01,-1.1765831109452229e+00,-9.8667955646080019e-01,
-1.1413583246491406e+00,-9.9257377899014543e-01,-1.1275060036494582e+00,-9.9295549448675757e-01,
-1.2034772161165741e+00,-9.9030216025785378e-01,-1.1852905104314251e+00,-9.9494952511377555e-01,
-1.2099905395053800e+00,-9.9510653265942384e-01,-1.2048670232578003e+00,-9.7003251143808222e-01,
-1.2316594190255816e+00,-9.8698181616728498e-01,-1.1455418580207375e+00,-9.8276562412533652e-01,
-1.1596981644208506e+00,-9.8626740350113296e-01,-1.1520844563123371e+00,-9.9082049549087015e-01,
-1.2144458981973052e+00,-9.9123293280804725e-01,-1.2343697050817830e+00,-9.8528234769495238e-01,
-1.1876126758997874e+00,-9.9278882219155906e-01,-1.1290811263399345e+00,-9.8625603133874840e-01,
-1.2260496160061753e+00,-9.8046961865000148e-01,-1.0654494270513650e+00,-9.9135572745403455e-01,

90,4
1.1538741805919714e+00,9.9034959725814553e-01,1.1954062537160044e+00,9.8099453363519917e-01,
1.1644755546089967e+00,9.9840421389442424e-01,1.1706083578532060e+00,9.8561072122217674e-01,
1.0690481216020538e+00,9.8238985790769573e-01,1.0859778992595559e+00,9.9462830590332407e-01,
1.2092392562459200e+00,9.7500952921426765e-01,1.1543108920734251e+00,9.9614052720674495e-01,
1.2893199351368532e+00,9.8967515188351007e-01,1.2229949007077869e+00,9.9682727300436613e-01,
1.2347940921330904e+00,9.9125163261792248e-01,1.1257202123037222e+00,9.9122525607999934e-01,
1.1797062617727871e+00,9.9250334427303966e-01,1.2032837927678344e+00,9.8952240293325500e-01,
1.2280003890391264e+00,9.9680512154955148e-01,1.1110453399526055e+00,9.9372457354328181e-01,
1.1840851209116772e+00,9.8913552979837838e-01,1.1643547358979505e+00,9.5597446765511318e-01,
1.0956739435146181e+00,9.8104759952422815e-01,1.2064879057142235e+00,9.8220572499738090e-01,
1.1991576711151224e+00,9.8146127130630167e-01,1.2420010779669428e+00,9.9355837680033676e-01,
1.1458723978434477e+00,9.9699253984173553e-01,1.1704264179732289e+00,9.9479964138439880e-01,
1.1997040276057298e+00,9.9841324101065454e-01,1.1783024323915539e+00,9.9444928882581218e-01,
1.2590704577445044e+00,9.8615378765689443e-01,1.2319096267766310e+00,9.8917747028573633e-01,
1.1360487638331489e+00,9.7801893984439103e-01,1.2605943991332049e+00,9.7694182469453972e-01,
1.0996148427436911e+00,9.8935744849268681e-01,1.2843622732625080e+00,9.8624882892605636e-01,
1.1177752883150762e+00,9.9419780136900249e-01,1.1330362099311782e+00,9.8727045019204673e-01,
1.1096770039888721e+00,9.6336602711875929e-01,1.1762591308467385e+00,9.7796366996253770e-01,
1.1420571677370706e+00,1.0004692292229838e+00,1.1377822763858227e+00,9.9367722602161579e-01,
1.1355679884941456e+00,9.8857163695428107e-01,1.2590851874949798e+00,9.7844023361421284e-01,
1.2456831702732212e+00,9.8134523529371231e-01,1.2209085746004378e+00,9.9359035452579048e-01,
1.1128029054673938e+00,9.9639338375129738e-01,1.1529363469530207e+00,9.8496976479052378e-01,
1.1680320795972590e+00,9.8735666286014001e-01,1.2744086923231426e+00,9.9543916571345525e-01,
1.1682804159354783e+00,9.9000227630838011e-01,1.1568911541909008e+00,9.8996488875349176e-01,
1.0724573583481540e+00,9.9588660508906435e-01,1.1327325747172943e+00,9.9403174643177761e-01,
1.3312110035853348e+00,9.9344655503453694e-01,1.1159003435102037e+00,9.9431431163465922e-01,
1.1164206402205512e+00,9.8832642645955937e-01,1.1549098866661915e+00,9.9136049763343526e-01,
1.1143984379952707e+00,9.8045861419823888e-01,1.1332454907623128e+00,9.8944492590689082e-01,
1.2020786333187736e+00,9.7607796691619142e-01,1.2162472608856680e+00,9.8652067904223595e-01,
1.1823841319208854e+00,9.9371248360632924e-01,1.2784891034782138e+00,9.6530286897752982e-01,
1.2135326045097539e+00,9.9245710759285899e-01,1.2048485876652768e+00,9.9476946239225439e-01,
1.2105173476771485e+00,9.8640438386939311e-01,1.1510593123328980e+00,9.6192456919887892e-01,
1.2344906303845380e+00,9.9183123286314245e-01,1.1964762775440800e+00,9.7834499962920107e-01,
1.1810636581122891e+00,9.8916569503697616e-01,1.3537194491879829e+00,9.8141480704102402e-01,
1.2595183017289926e+00,9.9261276602181681e-01,1.0887276624385240e+00,9.6793137561002029e-01,
1.2452434646670540e+00,9.8548284074746306e-01,1.1984811270405902e+00,9.9212318198391192e-01,
1.1156712196721168e+00,9.9526577150981876e-01,1.1068838908204182e+00,9.8545192963907446e-01,
1.2153939903966275e+00,9.8965473117223146e-01,1.2926403325469442e+00,9.8927450697267871e-01,
1.1375729432295567e+00,9.9004321627715108e-01,1.1436546704056740e+00,9.8634541580765678e-01,
1.1388188213333548e+00,9.9074319667977784e-01,1.1863152220324285e+00,9.9071549858493679e-01,
1.3748892572474314e+00,9.8916554287069869e-01,1.1439119271978970e+00,9.8810869589207684e-01,
1.1607836439623445e+00,9.8903857450691524e-01,1.1817156244991835e+00,9.8938459967959258e-01,
1.2361555039002092e+00,9.8395132894252424e-01,1.1782943367720773e+00,9.8084935101702098e-01,
1.1219305313779913e+00,9.8343922070067757e-01,1.1003223482290747e+00,9.8583393663922891e-01,
1.1923177257388766e+00,9.8680408427740096e-01,1.1740928168695890e+00,9.8767457373735401e-01,
1.1318132896079598e+00,9.8920610516220342e-01,1.2618957882929871e+00,9.9541106360728626e-01,
1.1409029039141538e+00,9.8538240224694440e-01,1.1448496863316722e+00,9.9152362599430144e-01,
1.1854989827798588e+00,9.7936604119762249e-01,1.2189845775764574e+00,9.9358406743505889e-01,
1.1543591783514981e+00,9.9363775863785286e-01,1.1939866587062933e+00,9.9271886773822848e-01,
1.1412261685651581e+00,9.9437106309749357e-01,1.1985585085901485e+00,9.8258040261768975e-01,
1.2027464847821321e+00,9.8246274652454202e-01,1.1144978239278802e+00,9.9020687816017927e-01,
1.1890715523328950e+00,9.8359958550570692e-01,1.1356236992785349e+00,9.9026617792562555e-01,
1.2035498879230471e+00,9.9449917952394562e-01,1.1230663888471140e+00,9.8932496035048190e-01,
1.0868052049506056e+00,9.8932550953718079e-01,1.1064773596931645e+00,9.9381636754599700e-01,
1.1858163265614585e+00,9.9334929729803356e-01,1.1442276282048760e+00,9.8514913349890887e-01,
1.1666275205502572e+00,9.9138177379382086e-01,1.1652877335920562e+00,9.9526906991321407e-01,
1.1234533492428156e+00,9.8713933983988011e-01,1.1125734328132300e+00,9.9466203017995147e-01,
1.1889247457519143e+00,9.8879661416100306e-01,1.1684132069070030e+00,9.9666832304391195e-01,
1.1228630929647452e+00,9.9334992106064712e-01,1.0971014027757673e+00,9.9731968645481539e-01,
1.1926438775390504e+00,9.9295022960263768e-01,1.1384096364790801e+00,9.9249151046950468e-01,
1.2828484533321727e+00,9.8506822293277774e-01,1.1753188177416740e+00,9.9161483033816655e-01,
1.1675464356378575e+00,9.8834055209004401e-01,1.3315241114502636e+00,9.9529030014037334e-01,
1.1555389643810678e+00,9.8945122421928666e-01,1.1010943676002973e+00,9.8099883929322151e-01,
1.1380001791400340e+00,9.9015946231454643e-01,1.1930168757242012e+00,9.8732648680034807e-01,
1.2737411969695369e+00,9.8842341236998854e-01,1.1126259941767398e+00,9.8640801960668034e-01,
1.2166749365805165e+00,9.8799780990290187e-01,1.1203301755401029e+00,9.8816861979181925e-01,
1.2182790582027390e+00,9.9554154709526010e-01,1.1317984538970089e+00,9.8863739454276189e-01,
1.2576125921645498e+00,9.9231212409630509e-01,1.2517834839988353e+00,9.9020259947956457e-01,
1.2126027569555580e+00,9.8160345587465814e-01,1.1363354628925584e+00,9.9590946713117290e-01,
1.1462925925661960e+00,9.9307167604629010e-01,1.2192161787121887e+00,9.9591131065696803e-01,
1.2815221632358453e+00,9.8760746622590223e-01,1.0992532960500927e+00,9.9302438632331846e-01,
1.1275851855775083e+00,9.9395374653095980e-01,1.1670827935346011e+00,9.9148789496005751e-01,
1.1794065958301434e+00,9.8662736753299252e-01,1.1224987664726347e+00,9.9209297316508482e-01,
1.0842443968351911e+00,9.9276106577952339e-01,1.2007985817532154e+00,9.9240091265250208e-01,
1.1431629252812321e+00,9.8222177282960943e-01,1.1811991328032032e+00,9.9190345900987686e-01,
1.0470748491058450e+00,9.8327819491696222e-01,1.1484218698385875e+00,9.7891282197230667e-01,
1.2964301756267553e+00,9.8523666490837014e-01,1.1337213946046578e+00,9.9226338620457688e-01,
1.1353266466937191e+00,9.9034350879220767e-01,1.1620146824233510e+00,9.8594265376936163e-01,
1.1958325492438600e+00,9.8945018692767595e-01,1.1637897431049682e+00,9.9477087733549652e-01,
1.1971518395215537e+00,9.8495316007330747e-01,1.1753277734868155e+00,9.8922421242226055e-01,
1.1859349030107422e+00,9.9487429349185907e-01,1.2674744052620632e+00,9.9638166438349063e-01,
1.2786472518827117e+00,9.8182253814234355e-01,1.2091194329274835e+00,9.8404313053380399e-01,
1.1216692609116634e+00,9.9010055242333050e-01,1.1586023375228225e+00,9.8346904123484780e-01,
1.1285550468794341e+00,9.9467641246344662e-01,1.1371563700218528e+00,9.8808350153309654e-01,
1.1082255990198313e+00,9.9217576069532776e-01,1.2260501132454746e+00,9.8180512568699230e-01,
1.1544412810904794e+00,9.9374060458883173e-01,1.0491944045584261e+00,9.8676692218656348e-01,
1.2105453949698779e+00,9.9668999132070457e-01,1.0888580005983399e+00,9.8252005592164227e-01,
1.1887606218343902e+00,9.8413542993829672e-01,1.1895750722139737e+00,9.9951574540350496e-01,
1.1548406837226355e+00,9.9359141931607264e-01,1.0909800255224258e+00,9.7962864495884627e-01,
1.2765949429978076e+00,9.8815708090265864e-01,1.3257141573209552e+00,9.8646239878204600e-01,

